,rmse_train,rmse_test,mase_test,bias_test,theta,n
dyear20_1.5_1,382.2588632610978,424.01014630155566,0.7925159250036091,-inf,1.5,240.0
dyear20_1.5_2,385.9342695546311,379.53161923613163,0.7334856564806044,-inf,1.5,240.0
dyear20_1.5_3,399.23859172805425,367.26148722674424,0.7348437742888232,-inf,1.5,240.0
dyear20_1.5_4,363.85088807092393,413.9340225204978,0.7847295501621917,-inf,1.5,240.0
dyear20_1.5_5,393.1212108985387,391.0323675861117,0.7032982782354634,-inf,1.5,240.0
dyear20_1.5_6,389.97732305866197,415.9169839042402,0.7630043252745722,-inf,1.5,240.0
dyear20_1.5_7,385.695050363626,412.22644970129386,0.7558985779666557,-inf,1.5,240.0
dyear20_1.5_8,382.240836766124,391.57797754725686,0.7944268418652884,-inf,1.5,240.0
dyear20_1.5_9,386.81470989566395,410.1049662383197,0.8309564290356843,-inf,1.5,240.0
dyear20_1.5_10,384.4545581621665,375.95736127917485,0.7721790541931128,-inf,1.5,240.0
dyear20_1.5_11,395.36234040223576,423.50425519310505,0.8226406715391332,-inf,1.5,240.0
dyear20_1.5_12,415.6475056563354,395.41739550336763,0.7096026073298801,-inf,1.5,240.0
dyear20_1.5_13,391.49519739497873,402.17569750877124,0.8410083475858166,-inf,1.5,240.0
dyear20_1.5_14,381.93628804422343,414.3944879781422,0.823890657548245,-inf,1.5,240.0
dyear20_1.5_15,389.7785629367013,401.1744477157038,0.7120840945946904,-inf,1.5,240.0
dyear20_1.5_16,405.32095692796344,365.50330595860095,0.6514813670081243,-inf,1.5,240.0
dyear20_1.5_17,395.4445415183609,400.64697677631364,0.7679305719699101,-inf,1.5,240.0
dyear20_1.5_18,378.2812624776261,460.8506627241989,0.83950865136335,-inf,1.5,240.0
dyear20_1.5_19,385.2486345422481,462.6940583870368,0.9385204524620088,-inf,1.5,240.0
dyear20_1.5_20,383.6832936051121,406.1494234474138,0.7785025643697324,-inf,1.5,240.0
dyear20_1.5_21,377.35448354299433,403.3153749445546,0.7759146283628693,-inf,1.5,240.0
dyear20_1.5_22,379.6610124505807,375.0582732500822,0.756981118173708,-inf,1.5,240.0
dyear20_1.5_23,396.53204998671504,354.81368350163723,0.6420567729083665,-inf,1.5,240.0
dyear20_1.5_24,386.4834650408734,374.5010847781352,0.7180649966187067,-inf,1.5,240.0
dyear20_1.5_25,385.4882050724769,426.9900467224031,0.8242450202221523,-inf,1.5,240.0
dyear20_1.5_26,390.3002850370468,376.42877812409614,0.7230763025365032,-inf,1.5,240.0
dyear20_1.5_27,395.00483251263313,359.2096648662635,0.6916346507820883,-inf,1.5,240.0
dyear20_1.5_28,396.8025458797696,335.6701630072791,0.5953284315375038,-inf,1.5,240.0
dyear20_1.5_29,408.32137312416063,421.8669814052766,0.8195422051895858,-inf,1.5,240.0
dyear20_1.5_30,399.12515659251545,353.437730253388,0.6435258989163537,-inf,1.5,240.0
dyear20_1.5_31,404.152179723183,391.33792941650825,0.7104906291762059,-inf,1.5,240.0
dyear20_1.5_32,408.27918220869407,453.642709996902,0.8598162542544384,-inf,1.5,240.0
dyear20_1.5_33,388.79595789436905,436.50391368997674,0.8556053557135821,-inf,1.5,240.0
dyear20_1.5_34,412.68582304419743,388.4570975882236,0.7237662658066003,-inf,1.5,240.0
dyear20_1.5_35,404.6486902240016,432.42354815620297,0.880673932689437,-inf,1.5,240.0
dyear20_1.5_36,402.0658567013618,404.5967642810143,0.809970729332415,-inf,1.5,240.0
dyear20_1.5_37,399.9461487187994,368.9383417320569,0.6464440451122846,-inf,1.5,240.0
dyear20_1.5_38,383.58578869878204,396.38843533416394,0.7524949988886419,-inf,1.5,240.0
dyear20_1.5_39,384.62598851568345,430.8759005405926,0.9687409204027236,-inf,1.5,240.0
dyear20_1.5_40,395.638079036047,433.55290911260187,0.8584776995162874,-inf,1.5,240.0
dyear20_1.5_41,389.076832065339,391.80493126895004,0.7729630217606945,-inf,1.5,240.0
dyear20_1.5_42,381.2017319171919,361.5364492919997,0.6904944456280814,-inf,1.5,240.0
dyear20_1.5_43,386.81086571260295,415.3476455532963,0.719815801606107,-inf,1.5,240.0
dyear20_1.5_44,376.54638796789254,408.25142886053277,0.8281719886410068,-inf,1.5,240.0
dyear20_1.5_45,383.78237512727617,426.99538931936956,0.7641562066028147,-inf,1.5,240.0
dyear20_1.5_46,400.66388916813224,411.16977434307273,0.7497094146025083,-inf,1.5,240.0
dyear20_1.5_47,389.16658413632246,442.96844319507306,0.8638814275119222,-inf,1.5,240.0
dyear20_1.5_48,379.183326099219,403.03471211133495,0.7645149848512255,-inf,1.5,240.0
dyear20_1.5_49,378.5904160501161,422.3973248021346,0.8962813887232493,-inf,1.5,240.0
dyear20_1.5_50,398.3767780527207,403.19461285256943,0.8058543196922,-inf,1.5,240.0
dyear20_1.5_51,368.5325630117371,400.1581718520815,0.8125245640988995,-inf,1.5,240.0
dyear20_1.5_52,385.6945979874059,378.3491002588306,0.6672041179860638,-inf,1.5,240.0
dyear20_1.5_53,388.68521700299675,369.03192612564027,0.7172218576428517,-inf,1.5,240.0
dyear20_1.5_54,385.5496482296411,427.4570641206748,0.8092098584675451,-inf,1.5,240.0
dyear20_1.5_55,393.9226605566123,394.6976427173928,0.6961295092916502,-inf,1.5,240.0
dyear20_1.5_56,396.05062018635954,387.5739983108602,0.7695397102692983,-inf,1.5,240.0
dyear20_1.5_57,368.6336327688147,475.9715940403727,0.8943206256109482,-inf,1.5,240.0
dyear20_1.5_58,403.8272952327517,399.214880525931,0.6636211189744324,-inf,1.5,240.0
dyear20_1.5_59,391.31113739580684,401.60900346813276,0.7827036257918124,-inf,1.5,240.0
dyear20_1.5_60,422.24767489985464,418.4912384586643,0.7307280689066138,-inf,1.5,240.0
dyear20_1.5_61,387.62176850206265,377.195324069639,0.7432258299359348,-inf,1.5,240.0
dyear20_1.5_62,402.86034594302447,378.42742038599687,0.6882727794691023,-inf,1.5,240.0
dyear20_1.5_63,412.7101989693656,403.6603099554542,0.7867038099227079,-inf,1.5,240.0
dyear20_1.5_64,397.8285657269138,380.96516682412494,0.7068733806781115,-inf,1.5,240.0
dyear20_1.5_65,397.01501467198943,395.47840227585965,0.7738167505530212,-inf,1.5,240.0
dyear20_1.5_66,381.6131262482987,391.75045203122187,0.7400240876244149,-inf,1.5,240.0
dyear20_1.5_67,372.1895238539992,411.7318352601201,0.730171126431194,-inf,1.5,240.0
dyear20_1.5_68,377.1951790850461,371.6188123153437,0.69620612338036,-inf,1.5,240.0
dyear20_1.5_69,405.3233662768531,442.66282315098476,0.7595416496456036,-inf,1.5,240.0
dyear20_1.5_70,406.3536854863425,382.7529664592207,0.7150925925925926,-inf,1.5,240.0
dyear20_1.5_71,380.753282979937,396.07293625459107,0.7441030555814098,-inf,1.5,240.0
dyear20_1.5_72,389.52059209580517,407.94791334188733,0.7405873123476093,-inf,1.5,240.0
dyear20_1.5_73,414.5758751422953,417.57519282958685,0.8003726042964225,-inf,1.5,240.0
dyear20_1.5_74,416.7127807815194,404.75658837544984,0.698483236521397,-inf,1.5,240.0
dyear20_1.5_75,393.64517784632733,365.7242529101217,0.6750008797469292,-inf,1.5,240.0
dyear20_1.5_76,444.21268132506077,411.14613683377024,0.7839185694450501,-inf,1.5,240.0
dyear20_1.5_77,419.95080937136754,363.71234054767325,0.6437910600419854,-inf,1.5,240.0
dyear20_1.5_78,404.9112557091986,420.6502159355997,0.7625896734862349,-inf,1.5,240.0
dyear20_1.5_79,394.3548991179561,382.5,0.686986076137945,-inf,1.5,240.0
dyear20_1.5_80,371.3584016822563,394.38451520481044,0.782165161262245,-inf,1.5,240.0
dyear20_1.5_81,382.9612143111449,400.9889597399576,0.7809509458002547,-inf,1.5,240.0
dyear20_1.5_82,392.5818983027618,363.32357593931795,0.7138227594075343,-inf,1.5,240.0
dyear20_1.5_83,400.02305923117314,390.8811093755576,0.6863724060737272,-inf,1.5,240.0
dyear20_1.5_84,388.47307258676244,433.90208668930524,0.8394111145981047,-inf,1.5,240.0
dyear20_1.5_85,402.16720196124066,375.2178811481848,0.6670463038920792,-inf,1.5,240.0
dyear20_1.5_86,393.5601063264246,405.9609997688612,0.8241065111829305,-inf,1.5,240.0
dyear20_1.5_87,412.54584341217964,403.2161589437275,0.7289120217633506,-inf,1.5,240.0
dyear20_1.5_88,404.06089681300926,397.08948928421665,0.7543718133691024,-inf,1.5,240.0
dyear20_1.5_89,399.9460380267985,378.8227927848763,0.7448644648361439,-inf,1.5,240.0
dyear20_1.5_90,417.92063391270835,395.45042883611427,0.6908952994698433,-inf,1.5,240.0
dyear20_1.5_91,384.0394605918338,395.9247350612656,0.7189525602519694,-inf,1.5,240.0
dyear20_1.5_92,391.75971855632804,387.48559112995844,0.7217097953893158,-inf,1.5,240.0
dyear20_1.5_93,371.3194098975526,434.7893886699628,0.9012129799836601,-inf,1.5,240.0
dyear20_1.5_94,393.4688083253868,415.5178997347768,0.83013810586485,-inf,1.5,240.0
dyear20_1.5_95,397.09382418810463,371.9823024464112,0.7218860809090019,-inf,1.5,240.0
dyear20_1.5_96,384.4062317934852,359.9656812345681,0.67045630179168,-inf,1.5,240.0
dyear20_1.5_97,413.3582485770263,370.842733963244,0.6225592109042858,-inf,1.5,240.0
dyear20_1.5_98,400.8428749730581,388.81130277638107,0.7033496489802492,-inf,1.5,240.0
dyear20_1.5_99,390.8675580253069,416.1842790960113,0.8398069416656859,-inf,1.5,240.0
dyear20_1.5_100,390.2723941898359,354.21868245477964,0.682101897442056,-inf,1.5,240.0
dyear20_1.5_101,388.72396750993715,371.5015141288121,0.7176764206226497,-inf,1.5,240.0
dyear20_1.5_102,384.78006434412197,415.18168713628654,0.7769388546884078,-inf,1.5,240.0
dyear20_1.5_103,378.55646182791105,380.5387080617862,0.7227419555586672,-inf,1.5,240.0
dyear20_1.5_104,385.7600857398287,402.83244552377687,0.7514269567276254,-inf,1.5,240.0
dyear20_1.5_105,397.9364022156472,389.24499568609315,0.7559723029246561,-inf,1.5,240.0
dyear20_1.5_106,401.1539994191757,373.78135319996903,0.6881735748428787,-inf,1.5,240.0
dyear20_1.5_107,420.37867973411784,362.42450363259564,0.6134431789824438,-inf,1.5,240.0
dyear20_1.5_108,400.2310595664293,442.47478741731715,0.8595633879039526,-inf,1.5,240.0
dyear20_1.5_109,416.2645893339155,398.95485855753986,0.7261097385824071,-inf,1.5,240.0
dyear20_1.5_110,395.7224274454676,402.2058448937144,0.8028707489461507,-inf,1.5,240.0
dyear20_1.5_111,390.09583491325134,385.4076845800215,0.6508263821331732,-inf,1.5,240.0
dyear20_1.5_112,409.3445790223684,423.2016609529473,0.8177022734013186,-inf,1.5,240.0
dyear20_1.5_113,388.9078926408326,380.2603822821059,0.6342109989614897,-inf,1.5,240.0
dyear20_1.5_114,376.4422058895628,443.1717123944924,0.8846967796623172,-inf,1.5,240.0
dyear20_1.5_115,407.6762208440255,386.86076306598994,0.7181453880244749,-inf,1.5,240.0
dyear20_1.5_116,388.1297570830319,360.33528946431727,0.6842654617698083,-inf,1.5,240.0
dyear20_1.5_117,387.15239785731234,382.60801851677564,0.7123382723330699,-inf,1.5,240.0
dyear20_1.5_118,398.29507748652884,353.86117216595926,0.7092601350815407,-inf,1.5,240.0
dyear20_1.5_119,388.8346036020114,462.5181077536316,0.8566757485778924,-inf,1.5,240.0
dyear20_1.5_120,406.97434783001574,372.8730793893994,0.6512884263768561,-inf,1.5,240.0
dyear20_1.5_121,388.34084175502323,417.92406108446704,0.7946397926483042,-inf,1.5,240.0
dyear20_1.5_122,403.28912033841596,416.1312393143939,0.7411730835126094,-inf,1.5,240.0
dyear20_1.5_123,394.1184982020002,370.6729803119366,0.6828416529199527,-inf,1.5,240.0
dyear20_1.5_124,414.11082579626753,377.60989018650804,0.7232171781873871,-inf,1.5,240.0
dyear20_1.5_125,410.5164684069731,385.21958023963424,0.7114999688962562,-inf,1.5,240.0
dyear20_1.5_126,403.78139712803346,377.23779525210176,0.6847853663011892,-inf,1.5,240.0
dyear20_1.5_127,390.294740388594,352.30798552781437,0.6442943002706575,-inf,1.5,240.0
dyear20_1.5_128,396.30257274797833,397.34509560330554,0.7013521895546457,-inf,1.5,240.0
dyear20_1.5_129,412.6352682252613,406.3828244402069,0.7446674452351972,-inf,1.5,240.0
dyear20_1.5_130,381.7695912894757,380.66033634549666,0.799446125790556,-inf,1.5,240.0
dyear20_1.5_131,385.34939503001686,393.8064509798352,0.8343766638979405,-inf,1.5,240.0
dyear20_1.5_132,378.86075800791684,422.77481200595037,0.8178980476588016,-inf,1.5,240.0
dyear20_1.5_133,414.5878977973187,386.08591444564945,0.6885688770402841,-inf,1.5,240.0
dyear20_1.5_134,409.6782210365431,432.78528644891185,0.8061913875507912,-inf,1.5,240.0
dyear20_1.5_135,385.74780594536975,392.400226172208,0.733263201550821,-inf,1.5,240.0
dyear20_1.5_136,401.5276881797817,403.263768105525,0.7502284361805841,-inf,1.5,240.0
dyear20_1.5_137,382.7466865195134,388.41545090276725,0.7539952488136765,-inf,1.5,240.0
dyear20_1.5_138,383.97296047378126,429.4070524184095,0.8617883214517679,-inf,1.5,240.0
dyear20_1.5_139,370.9299546410346,455.2757177432887,0.8497986135703325,-inf,1.5,240.0
dyear20_1.5_140,395.31197463733207,379.42445449215137,0.698029714360132,-inf,1.5,240.0
dyear20_1.5_141,397.9351260988823,397.40737914638675,0.8017498016700608,-inf,1.5,240.0
dyear20_1.5_142,403.7115048728072,416.3960204340735,0.786541232949643,-inf,1.5,240.0
dyear20_1.5_143,406.4538142581516,381.8334333624196,0.6823281929811125,-inf,1.5,240.0
dyear20_1.5_144,396.37162302776755,375.5149797278399,0.7184833895701314,-inf,1.5,240.0
dyear20_1.5_145,383.06764796399426,386.0258788820597,0.7130431896586938,-inf,1.5,240.0
dyear20_1.5_146,410.0999687576189,379.41814005131596,0.7242763344772258,-inf,1.5,240.0
dyear20_1.5_147,407.18754636735474,431.2059156211411,0.8514000814966907,-inf,1.5,240.0
dyear20_1.5_148,403.85042610682814,377.1360276257538,0.6382934556391835,-inf,1.5,240.0
dyear20_1.5_149,391.9734857635994,437.67689281020995,0.832110348239171,-inf,1.5,240.0
dyear20_1.5_150,403.3622105709292,441.92936369967543,0.8669289545836125,-inf,1.5,240.0
dyear20_1.5_151,397.9737677180076,367.9642475839195,0.6818135300445336,-inf,1.5,240.0
dyear20_1.5_152,370.7414094869001,392.4582780372966,0.788562693340074,-inf,1.5,240.0
dyear20_1.5_153,417.60727164805616,400.2067955028583,0.7775664247639085,-inf,1.5,240.0
dyear20_1.5_154,387.14094924630916,400.61606204278263,0.7382193810519286,-inf,1.5,240.0
dyear20_1.5_155,394.03683335656154,384.56474314043226,0.7520229522505901,-inf,1.5,240.0
dyear20_1.5_156,382.21595526394935,355.92382729080293,0.589439000303859,-inf,1.5,240.0
dyear20_1.5_157,375.04378216638474,393.4195173941764,0.7779565579308015,-inf,1.5,240.0
dyear20_1.5_158,394.9222958908077,431.5683124759432,0.8197677737511233,-inf,1.5,240.0
dyear20_1.5_159,393.638846744915,381.2379233059936,0.6729834543141234,-inf,1.5,240.0
dyear20_1.5_160,389.3967690543926,405.195708886459,0.8001123995903362,-inf,1.5,240.0
dyear20_1.5_161,411.1261591652859,398.5769216851372,0.7179279210236498,-inf,1.5,240.0
dyear20_1.5_162,428.6117549231861,405.32337912667543,0.680114988760995,-inf,1.5,240.0
dyear20_1.5_163,399.03568658287526,385.4435756372131,0.724078368317236,-inf,1.5,240.0
dyear20_1.5_164,382.74440720930204,408.54288840544837,0.7852482207443706,-inf,1.5,240.0
dyear20_1.5_165,380.4565034818917,361.6368459288037,0.6998340365353374,-inf,1.5,240.0
dyear20_1.5_166,396.6060571692436,448.11721866791356,0.8250014813004337,-inf,1.5,240.0
dyear20_1.5_167,386.326731860481,446.31120028518217,0.8319031542740857,-inf,1.5,240.0
dyear20_1.5_168,401.33749046158147,401.08703855896414,0.7762115270932178,-inf,1.5,240.0
dyear20_1.5_169,403.4603450154674,367.6534260232953,0.6525724629698986,-inf,1.5,240.0
dyear20_1.5_170,373.4260650271572,425.45061895203145,0.9210325169007414,-inf,1.5,240.0
dyear20_1.5_171,404.5499299633277,398.5234204744643,0.7660773321045625,-inf,1.5,240.0
dyear20_1.5_172,390.5444516953224,387.96125773071725,0.7121992526091515,-inf,1.5,240.0
dyear20_1.5_173,385.37518920959786,364.8609895106171,0.6882334645699157,-inf,1.5,240.0
dyear20_1.5_174,422.60142397023066,376.0870078851435,0.6844432846400054,-inf,1.5,240.0
dyear20_1.5_175,404.0339236479201,365.94173602728983,0.6565938135730759,-inf,1.5,240.0
dyear20_1.5_176,409.60709069790283,404.34836980834564,0.7699423835904121,-inf,1.5,240.0
dyear20_1.5_177,410.2613115442401,395.72175620419625,0.6902901650521389,-inf,1.5,240.0
dyear20_1.5_178,389.682850480148,411.9366607865826,0.7913503248891108,-inf,1.5,240.0
dyear20_1.5_179,408.08358646442355,426.9879486980087,0.7338149154894471,-inf,1.5,240.0
dyear20_1.5_180,386.2175417861459,413.07089282591676,0.8305144704445743,-inf,1.5,240.0
dyear20_1.5_181,405.1260092037209,413.2524450421719,0.7755958508556744,-inf,1.5,240.0
dyear20_1.5_182,392.33347051116266,391.444227615293,0.8185278761377908,-inf,1.5,240.0
dyear20_1.5_183,384.9689787285897,405.93259395290414,0.7645884145193951,-inf,1.5,240.0
dyear20_1.5_184,390.64672606247876,379.44122843114104,0.6457797316696113,-inf,1.5,240.0
dyear20_1.5_185,356.79289773620775,447.4908053059117,1.0051597495607305,-inf,1.5,240.0
dyear20_1.5_186,358.89554248648267,382.8472008081901,0.768857736777667,-inf,1.5,240.0
dyear20_1.5_187,401.17895269235316,427.70772243827133,0.9057746235794875,-inf,1.5,240.0
dyear20_1.5_188,386.85808390588574,336.96782116398,0.6342622199944691,-inf,1.5,240.0
dyear20_1.5_189,395.3920654447515,426.65127739173596,0.8011129667793574,-inf,1.5,240.0
dyear20_1.5_190,399.4695766993193,374.19499707149123,0.7367492625875915,-inf,1.5,240.0
dyear20_1.5_191,383.50947266658227,368.25347927752154,0.6578730484543137,-inf,1.5,240.0
dyear20_1.5_192,389.01133365023355,384.61520272431596,0.6978247747106031,-inf,1.5,240.0
dyear20_1.5_193,384.5305647257879,425.9812691500257,0.7783217244472587,-inf,1.5,240.0
dyear20_1.5_194,389.34809965933226,375.975730599729,0.7708967815455483,-inf,1.5,240.0
dyear20_1.5_195,391.3021397632951,429.1824592563556,0.7670061980620443,-inf,1.5,240.0
dyear20_1.5_196,382.0808842160693,365.63526338871276,0.723301836930278,-inf,1.5,240.0
dyear20_1.5_197,394.9443855890768,446.6129476403477,0.8146533297955063,-inf,1.5,240.0
dyear20_1.5_198,399.9552448920587,400.4287545868803,0.7032542924434071,-inf,1.5,240.0
dyear20_1.5_199,380.0940604530235,407.26470712138394,0.7461294441929702,-inf,1.5,240.0
dyear20_1.5_200,366.4718184935917,419.08031748102894,0.8452114503816794,-inf,1.5,240.0
dyear20_1.5_201,419.8426912745614,351.9923649740147,0.5562652961331375,-inf,1.5,240.0
dyear20_1.5_202,378.3162532855283,394.58308694114095,0.7212550583018862,-inf,1.5,240.0
dyear20_1.5_203,387.361137753475,397.3657005832285,0.8178573878585378,-inf,1.5,240.0
dyear20_1.5_204,397.4197704673653,414.4814028799523,0.7688652843379411,-inf,1.5,240.0
dyear20_1.5_205,400.92376405413205,372.3590617043358,0.7007088809122938,-inf,1.5,240.0
dyear20_1.5_206,390.1790854851141,426.42640533469154,0.8225481115715508,-inf,1.5,240.0
dyear20_1.5_207,388.60454808412453,421.35250978248604,0.7952458940763978,-inf,1.5,240.0
dyear20_1.5_208,391.5154983096667,370.6775328143498,0.7370764681549922,-inf,1.5,240.0
dyear20_1.5_209,386.56484605863136,348.81827288718694,0.6381554088437233,-inf,1.5,240.0
dyear20_1.5_210,388.62082526973944,372.0121805801525,0.6846650699819439,-inf,1.5,240.0
dyear20_1.5_211,380.3959902194028,438.2115404307224,0.8663224148733644,-inf,1.5,240.0
dyear20_1.5_212,379.70868082210956,412.4768932922182,0.8588465010219146,-inf,1.5,240.0
dyear20_1.5_213,400.84495392025747,388.6485666168516,0.7378947368421053,-inf,1.5,240.0
dyear20_1.5_214,390.43970271776067,441.6993934415879,0.8722322895808207,-inf,1.5,240.0
dyear20_1.5_215,419.4622425399772,461.69592265905925,0.8215613085130242,-inf,1.5,240.0
dyear20_1.5_216,388.2711748357497,344.5915758788463,0.6049469462376879,-inf,1.5,240.0
dyear20_1.5_217,380.081549637706,393.54957862171995,0.787627398974848,-inf,1.5,240.0
dyear20_1.5_218,392.6026803058448,412.7493943060365,0.8214474753632023,-inf,1.5,240.0
dyear20_1.5_219,397.84443934365436,405.4528332617741,0.7494996806665359,-inf,1.5,240.0
dyear20_1.5_220,403.7093116752862,429.12901129302986,0.8267419219029575,-inf,1.5,240.0
dyear20_1.5_221,391.790261970611,385.27054887875005,0.7102044108890935,-inf,1.5,240.0
dyear20_1.5_222,400.4987190470568,433.7504803071308,0.8465606174477729,-inf,1.5,240.0
dyear20_1.5_223,401.397350929641,388.1896282746359,0.6631672292098406,-inf,1.5,240.0
dyear20_1.5_224,379.478912183097,408.73922004133635,0.7649829978862237,-inf,1.5,240.0
dyear20_1.5_225,390.70289223398385,430.96517163996754,0.8070486068661991,-inf,1.5,240.0
dyear20_1.5_226,397.2759588749362,425.920987390854,0.7663296213687892,-inf,1.5,240.0
dyear20_1.5_227,381.63305210415587,423.6095883397038,0.8282755130531899,-inf,1.5,240.0
dyear20_1.5_228,395.1300616569182,421.4986901917174,0.8232682401605712,-inf,1.5,240.0
dyear20_1.5_229,391.7115887358963,429.10886342123797,0.8044330426545353,-inf,1.5,240.0
dyear20_1.5_230,400.30736888462764,428.8763905058582,0.7371343689697778,-inf,1.5,240.0
dyear20_1.5_231,386.6376627951119,374.50447816637205,0.6866309045802091,-inf,1.5,240.0
dyear20_1.5_232,394.9030142009554,402.3499461497002,0.72153125443829,-inf,1.5,240.0
dyear20_1.5_233,397.6800037928317,396.0676236452558,0.6933877625445282,-inf,1.5,240.0
dyear20_1.5_234,403.4621006571332,355.5085559214199,0.7143944928065583,-inf,1.5,240.0
dyear20_1.5_235,369.8028402067783,419.7151315674319,0.8339504490866889,-inf,1.5,240.0
dyear20_1.5_236,382.5739375706784,422.40829872687556,0.8873570508174278,-inf,1.5,240.0
dyear20_1.5_237,398.02028319337364,398.13159989296673,0.6542700627691956,-inf,1.5,240.0
dyear20_1.5_238,402.15329918038304,412.09103464323675,0.8706393448316724,-inf,1.5,240.0
dyear20_1.5_239,381.4318213980055,410.9107516643162,0.7984740820776848,-inf,1.5,240.0
dyear20_1.5_240,375.91108767012093,372.39461596537615,0.712896668919934,-inf,1.5,240.0
dyear20_1.5_241,400.291176572338,396.2128005672373,0.7905243403002743,-inf,1.5,240.0
dyear20_1.5_242,397.31559532903646,395.755316873107,0.743928684107226,-inf,1.5,240.0
dyear20_1.5_243,392.50378846366993,432.01629984681523,0.8650258881488478,-inf,1.5,240.0
dyear20_1.5_244,394.85764180482397,380.95863183115654,0.694102832937067,-inf,1.5,240.0
dyear20_1.5_245,406.5698804736196,404.59900415926217,0.703431436458518,-inf,1.5,240.0
dyear20_1.5_246,387.8923282733668,389.84831451903614,0.6440506872852234,-inf,1.5,240.0
dyear20_1.5_247,396.9046904904669,402.14215459212926,0.7115780273915422,-inf,1.5,240.0
dyear20_1.5_248,395.33198074529713,356.10690108449177,0.6694052029822248,-inf,1.5,240.0
dyear20_1.5_249,401.91258248322276,423.53800006610976,0.7930235284382413,-inf,1.5,240.0
dyear20_1.5_250,403.22116424075097,423.8037822310383,0.8074931688575385,-inf,1.5,240.0
dyear20_1.5_251,403.44975936705345,367.8080058490661,0.646788131686208,-inf,1.5,240.0
dyear20_1.5_252,371.72259482038487,352.59082754187847,0.6803983495341045,-inf,1.5,240.0
dyear20_1.5_253,400.8383727160695,376.13431222547797,0.749033725371934,-inf,1.5,240.0
dyear20_1.5_254,378.7063987554651,400.5311057416972,0.8101819184570591,-inf,1.5,240.0
dyear20_1.5_255,398.76246715097614,451.9611432413189,0.8493770063209451,-inf,1.5,240.0
dyear20_1.5_256,390.3388218373025,416.1680099430998,0.7397698831787379,-inf,1.5,240.0
dyear20_1.5_257,400.791645008143,396.12469101702476,0.8817647842536191,-inf,1.5,240.0
dyear20_1.5_258,408.82191645629763,415.8649620569959,0.7872445379975501,-inf,1.5,240.0
dyear20_1.5_259,389.77295073542496,451.09216999781023,0.8370376428875019,-inf,1.5,240.0
dyear20_1.5_260,405.96513089180456,417.57861036376534,0.7204936343401542,-inf,1.5,240.0
dyear20_1.5_261,419.4059228539816,377.46454027718505,0.6853200532626161,-inf,1.5,240.0
dyear20_1.5_262,387.7418801535372,427.53284474217105,0.8714844497560938,-inf,1.5,240.0
dyear20_1.5_263,411.7065474946931,430.66663441692344,0.7883680815825355,-inf,1.5,240.0
dyear20_1.5_264,405.8132588293126,339.60727931931416,0.6500186936835126,-inf,1.5,240.0
dyear20_1.5_265,401.0741437066219,401.65327605618586,0.7384088116889528,-inf,1.5,240.0
dyear20_1.5_266,376.9672150864051,414.09333690204033,0.8185231096157252,-inf,1.5,240.0
dyear20_1.5_267,389.1699165638749,443.8029076440727,0.8402974220502843,-inf,1.5,240.0
dyear20_1.5_268,401.9634946629689,419.55656154246157,0.8535197583019077,-inf,1.5,240.0
dyear20_1.5_269,389.0614574952566,397.21937159039294,0.8015364913582018,-inf,1.5,240.0
dyear20_1.5_270,382.3487650365828,389.6417157680459,0.810937110235995,-inf,1.5,240.0
dyear20_1.5_271,409.04589188337616,344.0027858414328,0.5937997156394833,-inf,1.5,240.0
dyear20_1.5_272,380.08619499397764,394.91019548753104,0.7291239043603683,-inf,1.5,240.0
dyear20_1.5_273,407.8068566020766,345.29781831533967,0.5872153538395202,-inf,1.5,240.0
dyear20_1.5_274,399.50083437543236,380.1825219549157,0.6735710567965754,-inf,1.5,240.0
dyear20_1.5_275,407.7535126560326,451.3942059515902,0.8539408778558487,-inf,1.5,240.0
dyear20_1.5_276,399.2323623739271,368.60415194803943,0.615474916465898,-inf,1.5,240.0
dyear20_1.5_277,392.9267385594928,369.3645726108556,0.6477469508292648,-inf,1.5,240.0
dyear20_1.5_278,384.87943187878113,387.95202130332217,0.8308995573133849,-inf,1.5,240.0
dyear20_1.5_279,403.1282558008059,396.1397322915236,0.7470619843807935,-inf,1.5,240.0
dyear20_1.5_280,373.11647114763866,368.82307185605043,0.7179590599457786,-inf,1.5,240.0
dyear20_1.5_281,390.88685223476114,399.6479700936813,0.7376822573810929,-inf,1.5,240.0
dyear20_1.5_282,392.1096187611316,401.2222991476587,0.7673829967731449,-inf,1.5,240.0
dyear20_1.5_283,400.1937356352129,405.9650539147428,0.8306763211070969,-inf,1.5,240.0
dyear20_1.5_284,389.176133004068,464.73383959710384,0.9836805978018414,-inf,1.5,240.0
dyear20_1.5_285,392.43255790008044,458.15169885821297,0.9339604977771387,-inf,1.5,240.0
dyear20_1.5_286,428.31884905795744,439.29398850124653,0.8127547357375601,-inf,1.5,240.0
dyear20_1.5_287,381.4983822049577,383.2684818331226,0.7488961705666506,-inf,1.5,240.0
dyear20_1.5_288,406.7254141309589,400.41431667711385,0.6852052656647446,-inf,1.5,240.0
dyear20_1.5_289,395.66829015392847,423.7640853116271,0.8318993557082534,-inf,1.5,240.0
dyear20_1.5_290,396.65318604544194,391.03769532701915,0.6565819886236703,-inf,1.5,240.0
dyear20_1.5_291,400.7460555534722,399.50453689538995,0.7553803182376426,-inf,1.5,240.0
dyear20_1.5_292,386.0808353937467,375.144888676362,0.7730949561213143,-inf,1.5,240.0
dyear20_1.5_293,364.2934442748959,397.4465897031533,0.8486194858774991,-inf,1.5,240.0
dyear20_1.5_294,380.2182076343355,413.03167755835227,0.8295784081004767,-inf,1.5,240.0
dyear20_1.5_295,418.17876460512275,388.9999196658015,0.7138144246507555,-inf,1.5,240.0
dyear20_1.5_296,358.01229320141135,388.41751591125063,0.788170828450737,-inf,1.5,240.0
dyear20_1.5_297,372.2555685726318,391.29642961996643,0.7856719161267464,-inf,1.5,240.0
dyear20_1.5_298,380.94063951399744,410.8094144490849,0.8283521738622696,-inf,1.5,240.0
dyear20_1.5_299,390.3105934701235,390.14324292495445,0.7429913896774144,-inf,1.5,240.0
dyear20_1.5_300,397.6749483979766,404.5179487159171,0.7336113432760217,-inf,1.5,240.0
dyear20_1.5_301,401.01828070342793,396.15280090725935,0.7001944633214225,-inf,1.5,240.0
dyear20_1.5_302,428.8994212419348,413.40743623371526,0.700433223707369,-inf,1.5,240.0
dyear20_1.5_303,383.289469863618,416.9547337541571,0.8071976447262852,-inf,1.5,240.0
dyear20_1.5_304,385.12671075028453,415.1104019816094,0.8456004168186114,-inf,1.5,240.0
dyear20_1.5_305,382.77194853245624,386.8505040710171,0.746988459210361,-inf,1.5,240.0
dyear20_1.5_306,397.3243519154093,427.35911421192367,0.8292405736360386,-inf,1.5,240.0
dyear20_1.5_307,381.9014857154482,376.0637689718771,0.7401049634796156,-inf,1.5,240.0
dyear20_1.5_308,361.6775439992554,414.02362553361615,0.9174564908599504,-inf,1.5,240.0
dyear20_1.5_309,394.89598445877704,421.21626966836567,0.7714515234370622,-inf,1.5,240.0
dyear20_1.5_310,398.3429283188879,391.47054486895945,0.6810598986589878,-inf,1.5,240.0
dyear20_1.5_311,349.8216509880428,426.57255635276556,0.8949493020887663,-inf,1.5,240.0
dyear20_1.5_312,395.09246017019024,403.2036551173613,0.7594786832444415,-inf,1.5,240.0
dyear20_1.5_313,397.3141795753918,405.53627046993796,0.7814062367186715,-inf,1.5,240.0
dyear20_1.5_314,408.93357243770856,463.70121037150636,0.8827754208153541,-inf,1.5,240.0
dyear20_1.5_315,386.80751969379634,375.35583117889615,0.7519685039370079,-inf,1.5,240.0
dyear20_1.5_316,403.7005839212192,425.5827377451612,0.7426229594857482,-inf,1.5,240.0
dyear20_1.5_317,394.9401128124786,408.12628254009815,0.7465953788295527,-inf,1.5,240.0
dyear20_1.5_318,412.1988863097522,395.8850053992952,0.719233358339313,-inf,1.5,240.0
dyear20_1.5_319,388.62155568324647,366.4513667141476,0.6112545444371036,-inf,1.5,240.0
dyear20_1.5_320,391.12141790199456,373.95546192026666,0.6226369004350896,-inf,1.5,240.0
dyear20_1.5_321,403.30111140230366,436.5102137025738,0.813844942503479,-inf,1.5,240.0
dyear20_1.5_322,416.83145074878087,419.28291959805216,0.7967198581560283,-inf,1.5,240.0
dyear20_1.5_323,414.11607672245714,402.9844393191049,0.7536200632904162,-inf,1.5,240.0
dyear20_1.5_324,401.3722101013804,387.1409357929831,0.7481946464016987,-inf,1.5,240.0
dyear20_1.5_325,399.4573728301098,450.18901123120867,0.8506850481397619,-inf,1.5,240.0
dyear20_1.5_326,403.192836669585,399.5734705074066,0.7255241129169503,-inf,1.5,240.0
dyear20_1.5_327,410.27467933081124,412.52047928961457,0.7573761930819661,-inf,1.5,240.0
dyear20_1.5_328,381.30462040429916,421.01952151889583,0.8089051601095789,-inf,1.5,240.0
dyear20_1.5_329,397.33044732942375,329.4258578699209,0.6167599266749867,-inf,1.5,240.0
dyear20_1.5_330,402.3499461497002,369.2927361863485,0.6645823374232043,-inf,1.5,240.0
dyear20_1.5_331,391.75413473674195,424.11950458174715,0.8571576700123344,-inf,1.5,240.0
dyear20_1.5_332,381.17539570605373,417.85232140075516,0.7671892227766254,-inf,1.5,240.0
dyear20_1.5_333,382.301963984841,374.86200238665606,0.6542661480512183,-inf,1.5,240.0
dyear20_1.5_334,402.45340051157893,425.2325344247937,0.7155273799288416,-inf,1.5,240.0
dyear20_1.5_335,406.09829218634576,437.05663248599717,0.763690037688308,-inf,1.5,240.0
dyear20_1.5_336,388.2986796054467,384.84320400218405,0.7554253214050615,-inf,1.5,240.0
dyear20_1.5_337,380.57298495163843,382.25664916824314,0.7384888574997144,-inf,1.5,240.0
dyear20_1.5_338,388.9688960358313,382.34637437799773,0.7104052100651452,-inf,1.5,240.0
dyear20_1.5_339,389.4888410361286,386.83119703560624,0.7548204979733641,-inf,1.5,240.0
dyear20_1.5_340,416.7450322139425,389.7726099920311,0.6915308345744388,-inf,1.5,240.0
dyear20_1.5_341,397.596077225367,385.87638348742377,0.7548633923717197,-inf,1.5,240.0
dyear20_1.5_342,390.7430554938458,392.50254776243173,0.7591188740096754,-inf,1.5,240.0
dyear20_1.5_343,391.0532785525096,396.47375386020195,0.7909738123796024,-inf,1.5,240.0
dyear20_1.5_344,397.2298479260255,365.0503104596223,0.6971345744224478,-inf,1.5,240.0
dyear20_1.5_345,385.7338987242371,380.2223581888191,0.7852758350340983,-inf,1.5,240.0
dyear20_1.5_346,404.20146327873016,390.95529369311095,0.771267183287095,-inf,1.5,240.0
dyear20_1.5_347,396.98807444304924,400.1527572898463,0.8582307961337912,-inf,1.5,240.0
dyear20_1.5_348,380.7023525669365,383.7645219836421,0.7757270206941351,-inf,1.5,240.0
dyear20_1.5_349,401.74439946314124,402.1514018376661,0.7179608855144173,-inf,1.5,240.0
dyear20_1.5_350,401.18429498382244,368.60353023268783,0.6496901178323948,-inf,1.5,240.0
dyear20_1.5_351,415.6486584745182,424.856152126811,0.7340713013191346,-inf,1.5,240.0
dyear20_1.5_352,402.6588260653594,400.5777078170976,0.7272528809863581,-inf,1.5,240.0
dyear20_1.5_353,386.1929906687415,471.55538292619104,0.9199615054227307,-inf,1.5,240.0
dyear20_1.5_354,387.89187174606616,378.30086130838595,0.7026796408320447,-inf,1.5,240.0
dyear20_1.5_355,383.28870890622386,413.66728780506685,0.7970871783329582,-inf,1.5,240.0
dyear20_1.5_356,382.31321692211134,353.42617687432266,0.6681923592414498,-inf,1.5,240.0
dyear20_1.5_357,372.3282252148857,440.8621288641911,0.8705237325079898,-inf,1.5,240.0
dyear20_1.5_358,397.8331478668748,373.4666707574675,0.6702509688186014,-inf,1.5,240.0
dyear20_1.5_359,392.8080068027297,405.50017981911344,0.7683601850599585,-inf,1.5,240.0
dyear20_1.5_360,398.20166059422706,432.680092562623,0.7782137191159649,-inf,1.5,240.0
dyear20_1.5_361,383.738911349023,357.5728655346581,0.6257177912891432,-inf,1.5,240.0
dyear20_1.5_362,413.1321986261379,427.498343076711,0.8650873636051969,-inf,1.5,240.0
dyear20_1.5_363,411.09147780633936,428.9371068894211,0.7984332015130674,-inf,1.5,240.0
dyear20_1.5_364,391.975771200636,435.93044647818147,0.8144048074470799,-inf,1.5,240.0
dyear20_1.5_365,376.7610593377895,409.64308651963523,0.8573528630834212,-inf,1.5,240.0
dyear20_1.5_366,384.9517150457531,412.5958474504237,0.7695455462798018,-inf,1.5,240.0
dyear20_1.5_367,392.7330584612573,394.7820073576471,0.7382923104363142,-inf,1.5,240.0
dyear20_1.5_368,390.6752501012403,365.5540600695516,0.6685332527183889,-inf,1.5,240.0
dyear20_1.5_369,393.4158833749175,411.2496960485199,0.7881891888303422,-inf,1.5,240.0
dyear20_1.5_370,407.3971176362608,394.0908048914615,0.6795984487730695,-inf,1.5,240.0
dyear20_1.5_371,388.8289375912412,391.73837995955074,0.7513712832550861,-inf,1.5,240.0
dyear20_1.5_372,396.96636743558014,400.55986860060426,0.7815875582245833,-inf,1.5,240.0
dyear20_1.5_373,409.0682756786044,432.13228588014573,0.8608371566448362,-inf,1.5,240.0
dyear20_1.5_374,399.989563665937,384.80392734482325,0.6929070177797196,-inf,1.5,240.0
dyear20_1.5_375,383.60743144304877,375.57813767577045,0.6916628346334545,-inf,1.5,240.0
dyear20_1.5_376,396.3538573148158,459.88712383221457,0.8314888290214825,-inf,1.5,240.0
dyear20_1.5_377,408.0385372935584,357.62727920746386,0.6871798619641565,-inf,1.5,240.0
dyear20_1.5_378,393.57341278343483,409.5036884245774,0.6747046760125878,-inf,1.5,240.0
dyear20_1.5_379,400.2239542327104,405.20064474282367,0.8284126866409572,-inf,1.5,240.0
dyear20_1.5_380,413.08625007375883,356.50508411521986,0.6568274491586663,-inf,1.5,240.0
dyear20_1.5_381,378.5115035680334,389.233113527956,0.7696185721781158,-inf,1.5,240.0
dyear20_1.5_382,384.6652427219456,410.76503827208404,0.8147622506001736,-inf,1.5,240.0
dyear20_1.5_383,381.77806325577865,429.7572231310759,0.796549097137676,-inf,1.5,240.0
dyear20_1.5_384,383.13667736418375,388.3279863723448,0.7051215327423506,-inf,1.5,240.0
dyear20_1.5_385,382.423542195038,382.18560063578184,0.7184109572618834,-inf,1.5,240.0
dyear20_1.5_386,409.23124702503674,424.57687270190934,0.8506584548752499,-inf,1.5,240.0
dyear20_1.5_387,407.16437482299455,374.89137315583383,0.6933139158934793,-inf,1.5,240.0
dyear20_1.5_388,385.6390934755794,374.9799439081154,0.6435719885484695,-inf,1.5,240.0
dyear20_1.5_389,408.22162587659824,424.23507143249407,0.8078551786735443,-inf,1.5,240.0
dyear20_1.5_390,407.57902480173505,395.3769825537816,0.636149865557303,-inf,1.5,240.0
dyear20_1.5_391,414.0083282173601,371.986194860329,0.5873049113655309,-inf,1.5,240.0
dyear20_1.5_392,392.4753641419208,406.70013523479435,0.7792740993535966,-inf,1.5,240.0
dyear20_1.5_393,406.7162900905249,416.4791911568532,0.7664506014571715,-inf,1.5,240.0
dyear20_1.5_394,359.93334886475856,400.0040624793703,0.8186743977316769,-inf,1.5,240.0
dyear20_1.5_395,376.7615431764058,380.3428004226363,0.7524424982411458,-inf,1.5,240.0
dyear20_1.5_396,398.7768865021308,412.09861784933634,0.7413990865533283,-inf,1.5,240.0
dyear20_1.5_397,410.3792960989463,404.94117371127703,0.7538439646042517,-inf,1.5,240.0
dyear20_1.5_398,375.9439300503024,354.564315980425,0.7222905026243862,-inf,1.5,240.0
dyear20_1.5_399,407.9647145689604,368.7683328776121,0.6267035091559058,-inf,1.5,240.0
dyear20_1.5_400,402.8365958011594,372.3422204997261,0.6857493056978307,-inf,1.5,240.0
dyear20_1.5_401,411.08023978496783,442.5344148575717,0.7933929065780788,-inf,1.5,240.0
dyear20_1.5_402,388.1917347351263,390.07736946234996,0.6805098919448496,-inf,1.5,240.0
dyear20_1.5_403,406.54284957635974,433.43377041173585,0.8481983610508557,-inf,1.5,240.0
dyear20_1.5_404,381.3910599699474,391.63317232668976,0.7662126512588174,-inf,1.5,240.0
dyear20_1.5_405,391.27579787152695,409.92062239739374,0.7512748988440917,-inf,1.5,240.0
dyear20_1.5_406,386.3158317685155,379.3079773306471,0.7784430129257716,-inf,1.5,240.0
dyear20_1.5_407,381.8673621712998,388.71489659303427,0.7386837241416448,-inf,1.5,240.0
dyear20_1.5_408,400.59758746569275,351.8124796441043,0.6378729920396587,-inf,1.5,240.0
dyear20_1.5_409,403.3060058751915,440.8388547228265,0.8046974251982302,-inf,1.5,240.0
dyear20_1.5_410,401.37913939524395,423.9237598515406,0.7090068847196291,-inf,1.5,240.0
dyear20_1.5_411,389.64283190934407,436.5842797597428,0.8870899821335853,-inf,1.5,240.0
dyear20_1.5_412,397.2700133934937,372.47897032360544,0.7071121622457182,-inf,1.5,240.0
dyear20_1.5_413,364.7451736029781,371.11392006588306,0.8224026256303253,-inf,1.5,240.0
dyear20_1.5_414,387.6146201448031,410.593041628001,0.7214224629418472,-inf,1.5,240.0
dyear20_1.5_415,394.35151805421856,467.72015760851417,0.8621755493798017,-inf,1.5,240.0
dyear20_1.5_416,388.0020202374381,410.63477284159296,0.7723525814159324,-inf,1.5,240.0
dyear20_1.5_417,380.2298783849931,452.1837522880862,0.8621610589566329,-inf,1.5,240.0
dyear20_1.5_418,386.47832383157873,393.98162499453366,0.7387947081323314,-inf,1.5,240.0
dyear20_1.5_419,400.0389108678471,400.60521922045234,0.7247375054324208,-inf,1.5,240.0
dyear20_1.5_420,393.4174654019993,374.9799716873778,0.7090206048971227,-inf,1.5,240.0
dyear20_1.5_421,368.2117328499098,381.63808117115354,0.7860692202828695,-inf,1.5,240.0
dyear20_1.5_422,397.7819034450076,437.04488232522147,0.7686528785655075,-inf,1.5,240.0
dyear20_1.5_423,399.721882479973,431.611153122808,0.7912123600293212,-inf,1.5,240.0
dyear20_1.5_424,409.07865227850743,399.9938280773842,0.792538715118062,-inf,1.5,240.0
dyear20_1.5_425,388.905026698893,373.1205401743517,0.6740650617081994,-inf,1.5,240.0
dyear20_1.5_426,409.0261745393971,382.8982131933586,0.6997663982692613,-inf,1.5,240.0
dyear20_1.5_427,389.28068681222805,412.0572624041469,0.8129381721358996,-inf,1.5,240.0
dyear20_1.5_428,384.98631604469614,425.08685387028066,0.8243775364703302,-inf,1.5,240.0
dyear20_1.5_429,382.17989056202316,411.5394371543672,0.8153971869065882,-inf,1.5,240.0
dyear20_1.5_430,395.3527960358107,418.8083043987229,0.7190208071776343,-inf,1.5,240.0
dyear20_1.5_431,403.5894417598161,430.26195993448766,0.7604796709145863,-inf,1.5,240.0
dyear20_1.5_432,410.5114124986864,381.0299364879353,0.7275907121125369,-inf,1.5,240.0
dyear20_1.5_433,399.88439735753633,382.6746877788844,0.6998411373685907,-inf,1.5,240.0
dyear20_1.5_434,382.04075780602255,386.4080043598131,0.7697436170861007,-inf,1.5,240.0
dyear20_1.5_435,404.9545499188767,404.42281402017863,0.7852704658047927,-inf,1.5,240.0
dyear20_1.5_436,402.28300957369134,408.41602053951476,0.7738725068679785,-inf,1.5,240.0
dyear20_1.5_437,399.2642191164476,410.0916564216671,0.8115482856862167,-inf,1.5,240.0
dyear20_1.5_438,395.08064841244754,356.0999976598334,0.68365619516867,-inf,1.5,240.0
dyear20_1.5_439,392.74937009285367,408.2001143230283,0.7954896491084732,-inf,1.5,240.0
dyear20_1.5_440,392.8751855975805,434.76466335248546,0.7987838474627238,-inf,1.5,240.0
dyear20_1.5_441,397.1990868359762,444.6707583519894,0.8359552306215774,-inf,1.5,240.0
dyear20_1.5_442,417.9865054639922,402.8404098812994,0.6553797968636424,-inf,1.5,240.0
dyear20_1.5_443,385.609116366561,398.1073975700527,0.7935271777309448,-inf,1.5,240.0
dyear20_1.5_444,400.88685540103876,344.2234618190147,0.622546969471276,-inf,1.5,240.0
dyear20_1.5_445,398.53026207763276,420.2061993831124,0.7780920823356154,-inf,1.5,240.0
dyear20_1.5_446,408.8178396812774,430.239540837427,0.8224258912835678,-inf,1.5,240.0
dyear20_1.5_447,391.37551900316913,371.4436644140445,0.6945520843810183,-inf,1.5,240.0
dyear20_1.5_448,396.1102934579375,449.7827484834577,0.8200705657443041,-inf,1.5,240.0
dyear20_1.5_449,375.2759401427169,416.65725822711084,0.8062442820933913,-inf,1.5,240.0
dyear20_1.5_450,408.91276703187765,413.72122256418027,0.7784679868133992,-inf,1.5,240.0
dyear20_1.5_451,398.9169517267974,343.7256658053532,0.6570560643739511,-inf,1.5,240.0
dyear20_1.5_452,386.93974283256733,397.74148849053535,0.8520144661074296,-inf,1.5,240.0
dyear20_1.5_453,377.7201482800019,431.98490521467687,0.826879993599049,-inf,1.5,240.0
dyear20_1.5_454,382.28944368109353,354.765239278033,0.6889384425677595,-inf,1.5,240.0
dyear20_1.5_455,390.5932987136364,389.98798058401746,0.7473844633001071,-inf,1.5,240.0
dyear20_1.5_456,406.848968701327,376.9503172391113,0.6740689232333655,-inf,1.5,240.0
dyear20_1.5_457,404.5680116391639,370.53339930430025,0.6301675580047583,-inf,1.5,240.0
dyear20_1.5_458,397.8606395984235,414.7194583892425,0.81111288674179,-inf,1.5,240.0
dyear20_1.5_459,391.18557110617803,381.12497950147537,0.6999106230847804,-inf,1.5,240.0
dyear20_1.5_460,378.2514664545268,401.8318730099277,0.7710504004547702,-inf,1.5,240.0
dyear20_1.5_461,382.670951721798,415.68009033390086,0.8676892230727988,-inf,1.5,240.0
dyear20_1.5_462,388.61494840651716,392.2331630123423,0.7046770897821409,-inf,1.5,240.0
dyear20_1.5_463,393.7633595617212,419.50218513534986,0.8178358337341013,-inf,1.5,240.0
dyear20_1.5_464,393.9749423609747,404.1661426113441,0.813085752547236,-inf,1.5,240.0
dyear20_1.5_465,385.74457897465436,386.44442248099097,0.789358350955584,-inf,1.5,240.0
dyear20_1.5_466,402.3709549863989,390.83319118689667,0.6576316404152809,-inf,1.5,240.0
dyear20_1.5_467,401.59369366521014,439.2977824513421,0.8498760720444826,-inf,1.5,240.0
dyear20_1.5_468,396.9569928426336,426.11838143877344,0.7457465049953634,-inf,1.5,240.0
dyear20_1.5_469,391.06555822947814,411.18644392375904,0.709741550695825,-inf,1.5,240.0
dyear20_1.5_470,397.1962479367095,408.46723144784414,0.8571558863514475,-inf,1.5,240.0
dyear20_1.5_471,398.3784449699389,383.54011632857043,0.7604493153666548,-inf,1.5,240.0
dyear20_1.5_472,387.0057869937692,446.339930247489,0.8737024747526577,-inf,1.5,240.0
dyear20_1.5_473,381.76045063189383,405.6054373813711,0.8186502912256278,-inf,1.5,240.0
dyear20_1.5_474,391.3797375418576,369.42683646427207,0.6957032935633229,-inf,1.5,240.0
dyear20_1.5_475,408.3369536404137,387.128531627417,0.6408486396626526,-inf,1.5,240.0
dyear20_1.5_476,393.64820774180254,398.48261672666894,0.738934671122095,-inf,1.5,240.0
dyear20_1.5_477,392.4801879288516,421.41715279122974,0.9257477693518148,-inf,1.5,240.0
dyear20_1.5_478,407.1934813451708,364.5316630051954,0.739043118092728,-inf,1.5,240.0
dyear20_1.5_479,404.80254317177076,391.21003523256746,0.7135511441963055,-inf,1.5,240.0
dyear20_1.5_480,402.1048526193137,392.80691291439024,0.7482310797006507,-inf,1.5,240.0
dyear20_1.5_481,403.04597416630605,366.50071054956135,0.7185772503860163,-inf,1.5,240.0
dyear20_1.5_482,407.02696854753987,418.4435694730334,0.7213742706903956,-inf,1.5,240.0
dyear20_1.5_483,404.2044591437193,388.1438199945994,0.7316712559363224,-inf,1.5,240.0
dyear20_1.5_484,378.741474051452,407.5375493947357,0.8360907615071895,-inf,1.5,240.0
dyear20_1.5_485,382.060102438085,369.75825435906995,0.7165223538263634,-inf,1.5,240.0
dyear20_1.5_486,398.1965333433563,412.4991919184004,0.847715646587316,-inf,1.5,240.0
dyear20_1.5_487,396.3101886464692,373.58034053377776,0.6447375980173796,-inf,1.5,240.0
dyear20_1.5_488,377.3298112504939,388.6413299345984,0.71895696441653,-inf,1.5,240.0
dyear20_1.5_489,400.12750571953103,436.46405923053965,0.8805544249853359,-inf,1.5,240.0
dyear20_1.5_490,377.9612455331895,385.7573989353067,0.7193044163862081,-inf,1.5,240.0
dyear20_1.5_491,407.9539521604532,368.9609848389574,0.6571611231916216,-inf,1.5,240.0
dyear20_1.5_492,377.4952607318402,375.729041331649,0.7019551621712987,-inf,1.5,240.0
dyear20_1.5_493,399.1357916904137,396.88561009439485,0.7983937376278539,-inf,1.5,240.0
dyear20_1.5_494,395.5170337145207,400.8433297436793,0.7781704973277519,-inf,1.5,240.0
dyear20_1.5_495,384.99954680709254,378.3122057243197,0.6961250050517854,-inf,1.5,240.0
dyear20_1.5_496,376.9597748765775,329.2564856359451,0.6243954923951706,-inf,1.5,240.0
dyear20_1.5_497,382.1737647436482,419.44884471569753,0.8491676608941218,-inf,1.5,240.0
dyear20_1.5_498,398.094111831612,424.39240882309224,0.7485190333618477,-inf,1.5,240.0
dyear20_1.5_499,392.00503557565,407.4394382400081,0.9331097439451382,-inf,1.5,240.0
dyear20_1.5_500,385.1234109563669,319.5818557114906,0.5770031356609658,-inf,1.5,240.0
