latitude,longitude,brightness,scan,track,acq_date,acq_time,satellite,instrument,confidence,version,bright_t31,frp,daynight,type,year,month,max_temp,min_temp,rainfall
-0.0376,35.058,315.4,1.4,1.2,2004-07-02,753,Terra,MODIS,67,6.2,299.3,12.4,D,0,2004,7,27.243364,14.880069,86.63971
-1.1648,34.3851,318.9,1.5,1.2,2004-07-02,754,Terra,MODIS,70,6.2,299.3,19.2,D,0,2004,7,27.310219,14.358896,13.205229
-1.645,35.1371,336.3,1.3,1.1,2004-07-02,754,Terra,MODIS,80,6.2,301.6,39.2,D,0,2004,7,,,
-2.2912,40.2127,321.1,1.1,1.0,2004-07-02,1048,Aqua,MODIS,74,6.2,296.8,14.6,D,0,2004,7,29.283049,21.919252,41.61051
-2.2925,40.2032,312.4,1.1,1.0,2004-07-02,1048,Aqua,MODIS,36,6.2,296.4,6.1,D,0,2004,7,29.317114,21.746939,39.70924
-1.6071,35.1315,309.9,1.0,1.0,2004-07-02,2014,Terra,MODIS,72,6.2,286.0,11.0,N,0,2004,7,25.775028,12.183586,8.800352
-1.6162,35.1328,303.6,1.0,1.0,2004-07-02,2014,Terra,MODIS,30,6.2,286.8,6.6,N,0,2004,7,25.775028,12.183586,8.800352
-1.6149,35.1421,305.0,1.0,1.0,2004-07-02,2014,Terra,MODIS,41,6.2,286.4,7.6,N,0,2004,7,25.775028,12.183586,8.800352
-1.3801,34.8544,314.3,1.0,1.0,2004-07-02,2015,Terra,MODIS,89,6.2,287.3,15.1,N,0,2004,7,25.563196,12.63992,13.418585
-1.3724,34.8437,301.5,1.0,1.0,2004-07-02,2015,Terra,MODIS,41,6.2,286.7,6.3,N,0,2004,7,23.900291,11.463094,15.846106
-1.3711,34.853,316.7,1.0,1.0,2004-07-02,2015,Terra,MODIS,94,6.2,287.6,17.4,N,0,2004,7,23.900291,11.463094,15.846106
-1.3698,34.8622,315.1,1.0,1.0,2004-07-02,2015,Terra,MODIS,90,6.2,287.8,15.6,N,0,2004,7,23.900291,11.463094,15.846106
-1.3814,34.8452,326.1,1.0,1.0,2004-07-02,2015,Terra,MODIS,100,6.2,287.7,27.1,N,0,2004,7,25.563196,12.63992,13.418585
-1.3819,34.8482,320.8,1.0,1.0,2004-07-02,2310,Aqua,MODIS,100,6.2,287.2,20.5,N,0,2004,7,25.563196,12.63992,13.418585
-1.373,34.8496,300.1,1.0,1.0,2004-07-02,2310,Aqua,MODIS,3,6.2,286.0,4.9,N,0,2004,7,23.900291,11.463094,15.846106
-1.3743,34.8585,312.1,1.0,1.0,2004-07-02,2310,Aqua,MODIS,84,6.2,286.6,12.7,N,0,2004,7,23.900291,11.463094,15.846106
-1.3806,34.8393,303.4,1.0,1.0,2004-07-02,2310,Aqua,MODIS,55,6.2,286.5,7.2,N,0,2004,7,25.563196,12.63992,13.418585
-1.3829,34.8662,317.7,2.5,1.5,2004-07-03,837,Terra,MODIS,43,6.2,297.8,31.9,D,0,2004,7,25.563196,12.63992,13.418585
0.3118,38.1305,322.4,2.1,1.4,2004-07-04,1036,Aqua,MODIS,66,6.2,302.9,25.0,D,0,2004,7,28.363834,16.13855,1.9764785
-1.3863,34.856,323.1,4.1,1.9,2004-07-04,1036,Aqua,MODIS,37,6.2,305.6,88.9,D,0,2004,7,25.563196,12.63992,13.418585
0.3244,38.1288,340.5,2.1,1.4,2004-07-04,1036,Aqua,MODIS,89,6.2,301.5,95.5,D,0,2004,7,28.363834,16.13855,1.9764785
0.3091,38.1123,324.1,2.1,1.4,2004-07-04,1036,Aqua,MODIS,74,6.2,300.3,30.5,D,0,2004,7,27.724667,15.802701,1.9670699
-2.7178,37.5287,312.0,1.0,1.0,2004-07-04,2002,Terra,MODIS,84,6.2,287.6,12.7,N,0,2004,7,25.422598,12.955365,2.850128
0.4244,36.1333,306.9,1.0,1.0,2004-07-04,2003,Terra,MODIS,70,6.2,290.3,7.3,N,0,2004,7,28.253477,14.822504,93.253265
0.138,36.7067,329.2,1.0,1.0,2004-07-04,2003,Terra,MODIS,100,6.2,286.1,29.6,N,0,2004,7,23.986008,9.486421,62.298336
0.1392,36.7156,315.0,1.0,1.0,2004-07-04,2003,Terra,MODIS,90,6.2,285.6,14.7,N,0,2004,7,24.07445,9.566029,58.772835
0.129,36.708,302.5,1.0,1.0,2004-07-04,2003,Terra,MODIS,50,6.2,285.0,6.7,N,0,2004,7,23.986008,9.486421,62.298336
-0.13,35.2299,313.5,1.5,1.2,2004-07-05,824,Terra,MODIS,62,6.2,297.6,10.1,D,0,2004,7,28.003405,14.871986,84.06432
0.5809,34.6929,315.9,1.3,1.1,2004-07-05,824,Terra,MODIS,65,6.2,296.4,13.3,D,0,2004,7,26.524012,14.5026455,132.84537
-3.4236,38.5344,320.9,1.5,1.2,2004-07-05,1118,Aqua,MODIS,52,6.2,302.0,16.2,D,0,2004,7,26.866323,15.828538,5.344846
-2.7528,37.9452,330.8,1.4,1.2,2004-07-05,1118,Aqua,MODIS,77,6.2,305.4,39.6,D,0,2004,7,22.349144,12.265427,3.3104193
0.1298,36.6973,330.2,1.3,1.1,2004-07-05,1119,Aqua,MODIS,79,6.2,301.0,30.9,D,0,2004,7,23.986008,9.486421,62.298336
-0.0969,35.1923,319.3,1.1,1.0,2004-07-05,1119,Aqua,MODIS,56,6.2,304.5,5.6,D,0,2004,7,28.270662,15.113264,79.19705
-0.9973,37.1592,322.3,1.4,1.2,2004-07-05,1119,Aqua,MODIS,61,6.2,307.9,12.7,D,0,2004,7,24.24553,12.179782,5.6262836
-0.8767,34.2437,321.9,1.0,1.0,2004-07-05,1119,Aqua,MODIS,71,6.2,308.2,4.6,D,0,2004,7,28.634134,15.70871,10.82086
-0.0622,34.9188,336.6,1.1,1.0,2004-07-05,1119,Aqua,MODIS,86,6.2,306.9,28.6,D,0,2004,7,28.590908,15.690625,57.826305
-0.0609,34.9282,340.3,1.1,1.0,2004-07-05,1119,Aqua,MODIS,88,6.2,305.0,35.0,D,0,2004,7,28.590908,15.690625,57.826305
0.1197,36.6988,330.5,1.3,1.1,2004-07-05,1119,Aqua,MODIS,80,6.2,299.5,31.1,D,0,2004,7,23.856243,9.340288,61.291565
-0.7736,34.5446,315.1,1.0,1.0,2004-07-07,812,Terra,MODIS,61,6.2,302.7,5.6,D,0,2004,7,26.781382,14.439744,34.29464
-0.6424,34.2791,324.9,1.0,1.0,2004-07-07,812,Terra,MODIS,61,6.2,306.1,12.0,D,0,2004,7,27.91742,15.593972,17.994898
-0.6172,34.3613,321.1,1.0,1.0,2004-07-07,812,Terra,MODIS,73,6.2,305.2,8.7,D,0,2004,7,28.14521,15.501306,24.29882
-1.3511,35.2168,336.9,1.0,1.0,2004-07-07,812,Terra,MODIS,87,6.2,306.7,28.6,D,0,2004,7,25.244938,11.582532,12.205798
-0.6411,34.2702,332.0,1.0,1.0,2004-07-07,812,Terra,MODIS,82,6.2,306.8,20.3,D,0,2004,7,27.91742,15.593972,17.994898
-1.3616,35.2247,327.6,1.0,1.0,2004-07-07,812,Terra,MODIS,78,6.2,307.1,15.1,D,0,2004,7,25.244938,11.582532,12.205798
-1.3603,35.2155,324.2,1.0,1.0,2004-07-07,812,Terra,MODIS,53,6.2,308.9,10.8,D,0,2004,7,25.244938,11.582532,12.205798
-1.3525,35.226,323.6,1.0,1.0,2004-07-07,812,Terra,MODIS,59,6.2,305.0,10.5,D,0,2004,7,25.244938,11.582532,12.205798
-1.211,37.2838,325.7,1.0,1.0,2004-07-07,1106,Aqua,MODIS,64,6.2,292.5,16.4,D,0,2004,7,24.063025,12.152852,1.6379975
-0.7479,36.0857,310.1,1.0,1.0,2004-07-07,1107,Aqua,MODIS,0,6.2,291.7,8.0,D,0,2004,7,17.099123,5.9853673,55.489407
-0.7214,34.2251,328.1,1.2,1.1,2004-07-07,1107,Aqua,MODIS,72,6.2,302.5,20.7,D,0,2004,7,27.02727,14.416957,14.796136
0.2733,38.0849,339.6,1.1,1.0,2004-07-07,1107,Aqua,MODIS,82,6.2,306.6,32.3,D,0,2004,7,27.61776,15.8179,1.9639337
0.2664,38.0819,332.1,1.1,1.0,2004-07-07,1107,Aqua,MODIS,73,6.2,306.5,19.5,D,0,2004,7,26.870222,15.509729,2.9304435
1.091,38.0098,326.7,1.1,1.0,2004-07-07,1107,Aqua,MODIS,68,6.2,305.5,11.4,D,0,2004,7,29.766798,17.876324,1.0
1.0833,38.0078,326.8,1.1,1.0,2004-07-07,1107,Aqua,MODIS,41,6.2,305.4,10.1,D,0,2004,7,29.802778,17.834194,1.0
0.4516,37.7552,349.6,1.0,1.0,2004-07-09,759,Terra,MODIS,94,6.2,299.6,49.4,D,0,2004,7,28.856943,15.710103,3.8454301
0.4579,37.7742,335.0,1.0,1.0,2004-07-09,759,Terra,MODIS,62,6.2,301.1,22.5,D,0,2004,7,28.856943,15.710103,3.8454301
0.4656,37.7844,329.4,1.0,1.0,2004-07-09,759,Terra,MODIS,71,6.2,299.9,16.3,D,0,2004,7,28.994816,15.849497,3.8660395
0.4619,37.7475,341.0,1.0,1.0,2004-07-09,759,Terra,MODIS,84,6.2,296.8,32.8,D,0,2004,7,29.306929,16.013103,3.849412
0.4606,37.7564,367.5,1.0,1.0,2004-07-09,759,Terra,MODIS,100,6.2,307.4,94.8,D,0,2004,7,28.994816,15.849497,3.8660395
0.4669,37.7755,348.6,1.0,1.0,2004-07-09,759,Terra,MODIS,94,6.2,304.3,47.1,D,0,2004,7,28.994816,15.849497,3.8660395
-0.923,34.5213,313.2,1.2,1.1,2004-07-09,800,Terra,MODIS,61,6.2,295.5,7.2,D,0,2004,7,26.427645,13.892507,22.915936
-0.9246,34.5319,327.8,1.2,1.1,2004-07-09,800,Terra,MODIS,82,6.2,296.8,26.2,D,0,2004,7,26.427645,13.892507,22.915936
-3.885,38.1429,327.4,1.2,1.1,2004-07-09,1053,Aqua,MODIS,78,6.2,298.6,21.4,D,0,2004,7,27.182825,15.377651,1.6195071
0.4677,37.7766,326.6,1.1,1.0,2004-07-09,1055,Aqua,MODIS,63,6.2,296.6,17.0,D,0,2004,7,28.994816,15.849497,3.8660395
4.6304,34.4629,329.3,1.5,1.2,2004-07-09,1056,Aqua,MODIS,61,6.2,301.0,18.0,D,0,2004,7,,19.991581,61.61333
-2.9304,38.1315,303.3,1.2,1.1,2004-07-11,2008,Terra,MODIS,46,6.2,283.0,8.4,N,0,2004,7,25.97016,14.742226,2.283869
-2.9341,38.1743,304.4,1.2,1.1,2004-07-11,2008,Terra,MODIS,60,6.2,281.6,10.5,N,0,2004,7,25.483728,14.571969,2.821406
-2.9244,38.1728,310.5,1.2,1.1,2004-07-11,2008,Terra,MODIS,80,6.2,282.0,15.1,N,0,2004,7,25.483728,14.571969,2.821406
-2.8976,38.1305,317.0,1.2,1.1,2004-07-11,2008,Terra,MODIS,94,6.2,283.4,20.9,N,0,2004,7,25.915247,14.614699,1.8741829
-2.8991,38.12,311.6,1.2,1.1,2004-07-11,2008,Terra,MODIS,83,6.2,282.9,15.1,N,0,2004,7,25.766003,14.653258,1.8157897
-2.888,38.1291,300.3,1.2,1.1,2004-07-11,2008,Terra,MODIS,24,6.2,282.5,6.9,N,0,2004,7,25.915247,14.614699,1.8741829
-2.8463,38.1446,312.6,1.2,1.1,2004-07-11,2008,Terra,MODIS,85,6.2,282.1,16.9,N,0,2004,7,25.992334,14.771175,1.440953
-2.8478,38.1341,312.8,1.2,1.1,2004-07-11,2008,Terra,MODIS,86,6.2,282.3,17.0,N,0,2004,7,25.992334,14.771175,1.440953
-2.8356,38.1501,311.3,1.1,1.0,2004-07-11,2304,Aqua,MODIS,66,6.2,283.8,11.9,N,0,2004,7,25.992334,14.771175,1.440953
-2.8428,38.1432,301.2,1.1,1.0,2004-07-11,2304,Aqua,MODIS,24,6.2,283.1,6.2,N,0,2004,7,25.992334,14.771175,1.440953
-2.8278,38.1608,319.0,1.1,1.0,2004-07-11,2304,Aqua,MODIS,77,6.2,282.5,19.2,N,0,2004,7,26.101423,14.89165,1.4762688
-2.837,38.1595,318.3,1.1,1.0,2004-07-11,2304,Aqua,MODIS,78,6.2,282.8,18.0,N,0,2004,7,25.992334,14.771175,1.440953
-1.3515,35.0107,303.1,1.1,1.1,2004-07-11,2304,Aqua,MODIS,53,6.2,279.4,8.6,N,0,2004,7,25.695244,12.051733,13.63385
-1.3435,35.022,300.4,1.1,1.1,2004-07-11,2304,Aqua,MODIS,13,6.2,279.0,6.7,N,0,2004,7,25.695244,12.051733,13.63385
-2.8172,38.1527,304.2,1.1,1.0,2004-07-11,2304,Aqua,MODIS,59,6.2,282.4,8.4,N,0,2004,7,26.101423,14.89165,1.4762688
-2.825,38.142,323.1,1.1,1.0,2004-07-11,2304,Aqua,MODIS,100,6.2,283.3,23.5,N,0,2004,7,26.101423,14.89165,1.4762688
-2.8264,38.1514,374.1,1.1,1.0,2004-07-11,2304,Aqua,MODIS,100,6.2,288.5,142.5,N,0,2004,7,26.101423,14.89165,1.4762688
-2.8441,38.1527,329.9,1.1,1.0,2004-07-11,2304,Aqua,MODIS,100,6.2,284.2,33.2,N,0,2004,7,25.992334,14.771175,1.440953
-2.8455,38.1621,312.8,1.1,1.0,2004-07-11,2304,Aqua,MODIS,86,6.2,282.4,14.9,N,0,2004,7,25.992334,14.771175,1.440953
-1.3336,35.0163,332.5,1.9,1.4,2004-07-12,830,Terra,MODIS,65,6.2,304.7,57.9,D,0,2004,7,25.695244,12.051733,13.63385
-2.7726,38.1739,349.4,3.7,1.8,2004-07-12,831,Terra,MODIS,89,6.2,286.6,365.8,D,0,2004,7,26.314783,15.300664,2.0874934
-2.784,38.1388,354.4,3.6,1.8,2004-07-12,831,Terra,MODIS,97,6.2,288.9,429.5,D,0,2004,7,26.214512,14.992124,1.007723
-1.362,35.0067,322.4,1.9,1.4,2004-07-12,831,Terra,MODIS,36,6.2,301.5,24.2,D,0,2004,7,25.695244,12.051733,13.63385
-2.7999,38.1365,332.7,3.6,1.8,2004-07-12,831,Terra,MODIS,84,6.2,290.7,170.1,D,0,2004,7,26.101423,14.89165,1.4762688
-2.7923,38.131,334.5,3.6,1.8,2004-07-12,831,Terra,MODIS,85,6.2,289.5,185.4,D,0,2004,7,26.101423,14.89165,1.4762688
-2.7967,38.1641,324.2,3.7,1.8,2004-07-12,831,Terra,MODIS,75,6.2,290.2,100.5,D,0,2004,7,26.101423,14.89165,1.4762688
-2.9409,38.1444,318.3,3.7,1.8,2004-07-12,831,Terra,MODIS,34,6.2,294.1,54.9,D,0,2004,7,25.97016,14.742226,2.283869
-2.9375,38.1711,315.7,3.7,1.8,2004-07-12,831,Terra,MODIS,38,6.2,293.2,48.4,D,0,2004,7,25.483728,14.571969,2.821406
-2.7595,38.1476,347.0,3.6,1.8,2004-07-12,831,Terra,MODIS,81,6.2,286.3,332.1,D,0,2004,7,26.214512,14.992124,1.007723
-2.7643,38.1806,332.1,3.7,1.8,2004-07-12,831,Terra,MODIS,73,6.2,286.0,175.9,D,0,2004,7,26.314783,15.300664,2.0874934
-2.768,38.1409,359.7,3.6,1.8,2004-07-12,831,Terra,MODIS,94,6.2,287.8,520.5,D,0,2004,7,26.214512,14.992124,1.007723
-2.7886,38.1718,325.9,3.7,1.8,2004-07-12,831,Terra,MODIS,78,6.2,288.3,117.4,D,0,2004,7,26.314783,15.300664,2.0874934
-1.3579,35.013,328.8,1.9,1.4,2004-07-12,831,Terra,MODIS,76,6.2,302.5,43.0,D,0,2004,7,25.695244,12.051733,13.63385
-1.3483,35.0317,323.9,2.0,1.4,2004-07-12,831,Terra,MODIS,42,6.2,302.6,29.5,D,0,2004,7,25.695244,12.051733,13.63385
-2.8165,38.1333,328.9,1.9,1.4,2004-07-12,1124,Aqua,MODIS,60,6.2,291.2,39.7,D,0,2004,7,26.101423,14.89165,1.4762688
-2.9557,38.1412,325.8,1.9,1.4,2004-07-12,1124,Aqua,MODIS,69,6.2,295.7,36.6,D,0,2004,7,25.97016,14.742226,2.283869
-2.9434,38.1403,325.4,1.9,1.4,2004-07-12,1124,Aqua,MODIS,41,6.2,297.8,31.6,D,0,2004,7,25.97016,14.742226,2.283869
-2.8978,38.1151,331.1,1.9,1.4,2004-07-12,1124,Aqua,MODIS,82,6.2,300.1,43.6,D,0,2004,7,25.766003,14.653258,1.8157897
-2.8943,38.1094,326.6,1.9,1.4,2004-07-12,1124,Aqua,MODIS,73,6.2,300.0,27.8,D,0,2004,7,25.766003,14.653258,1.8157897
-2.8407,38.1369,329.8,1.9,1.4,2004-07-12,1124,Aqua,MODIS,64,6.2,300.2,41.7,D,0,2004,7,25.992334,14.771175,1.440953
-2.8434,38.1194,332.8,1.9,1.4,2004-07-12,1124,Aqua,MODIS,82,6.2,299.5,49.3,D,0,2004,7,25.611414,14.714034,1.3937446
-2.8286,38.1352,325.9,1.9,1.4,2004-07-12,1124,Aqua,MODIS,19,6.2,296.4,29.4,D,0,2004,7,26.101423,14.89165,1.4762688
-2.8313,38.1177,356.4,1.9,1.4,2004-07-12,1124,Aqua,MODIS,98,6.2,299.4,166.2,D,0,2004,7,25.656824,14.77481,0.9504312
-2.8339,38.1004,338.0,1.9,1.4,2004-07-12,1124,Aqua,MODIS,87,6.2,299.2,71.2,D,0,2004,7,25.611414,14.714034,1.3937446
-2.8192,38.1159,388.2,1.9,1.4,2004-07-12,1124,Aqua,MODIS,94,6.2,297.7,461.3,D,0,2004,7,25.656824,14.77481,0.9504312
-2.8218,38.0986,330.0,1.9,1.4,2004-07-12,1124,Aqua,MODIS,65,6.2,297.5,45.1,D,0,2004,7,25.656824,14.77481,0.9504312
-2.8071,38.1141,320.2,1.9,1.4,2004-07-12,1124,Aqua,MODIS,54,6.2,291.7,19.2,D,0,2004,7,25.656824,14.77481,0.9504312
-2.8238,38.127,350.8,1.9,1.4,2004-07-12,1124,Aqua,MODIS,90,6.2,294.6,137.3,D,0,2004,7,26.101423,14.89165,1.4762688
-2.8263,38.1095,367.9,1.9,1.4,2004-07-12,1124,Aqua,MODIS,94,6.2,301.9,255.7,D,0,2004,7,25.656824,14.77481,0.9504312
-2.8142,38.1077,344.3,1.9,1.4,2004-07-12,1124,Aqua,MODIS,86,6.2,295.1,104.2,D,0,2004,7,25.656824,14.77481,0.9504312
-2.7996,38.1233,374.3,1.9,1.4,2004-07-12,1124,Aqua,MODIS,94,6.2,294.0,311.3,D,0,2004,7,25.656824,14.77481,0.9504312
-2.7875,38.1215,405.6,1.9,1.4,2004-07-12,1124,Aqua,MODIS,100,6.2,300.4,722.1,D,0,2004,7,25.914238,14.835585,0.4858497
-2.7901,38.1041,338.2,1.9,1.4,2004-07-12,1124,Aqua,MODIS,85,6.2,296.9,77.9,D,0,2004,7,25.914238,14.835585,0.4858497
-2.7754,38.1196,373.0,1.9,1.4,2004-07-12,1124,Aqua,MODIS,100,6.2,297.3,299.3,D,0,2004,7,25.914238,14.835585,0.4858497
-2.758,38.1526,341.0,1.9,1.4,2004-07-12,1124,Aqua,MODIS,89,6.2,296.1,92.0,D,0,2004,7,26.214512,14.992124,1.007723
-2.7633,38.1178,390.3,1.9,1.4,2004-07-12,1124,Aqua,MODIS,100,6.2,297.0,493.2,D,0,2004,7,25.914238,14.835585,0.4858497
-2.7511,38.1161,323.0,1.9,1.4,2004-07-12,1124,Aqua,MODIS,61,6.2,291.9,30.8,D,0,2004,7,25.914238,14.835585,0.4858497
-1.3464,34.9939,343.6,1.2,1.1,2004-07-12,1125,Aqua,MODIS,82,6.2,308.0,44.5,D,0,2004,7,25.676506,12.137573,14.06813
-1.3581,35.5411,361.4,1.3,1.1,2004-07-12,1125,Aqua,MODIS,100,6.2,309.8,114.0,D,0,2004,7,24.058472,10.586816,9.196344
-1.3446,34.9992,331.3,1.2,1.1,2004-07-12,1125,Aqua,MODIS,22,6.2,311.7,19.8,D,0,2004,7,25.676506,12.137573,14.06813
-1.3582,35.5462,343.0,1.3,1.1,2004-07-12,1125,Aqua,MODIS,90,6.2,307.5,50.4,D,0,2004,7,23.874498,10.331309,8.651818
-0.0747,36.7545,356.3,1.7,1.3,2004-07-12,1125,Aqua,MODIS,98,6.2,291.3,149.1,D,0,2004,7,23.014175,8.801253,43.418964
-1.3598,35.5346,340.7,1.3,1.1,2004-07-12,1125,Aqua,MODIS,88,6.2,307.3,44.2,D,0,2004,7,24.058472,10.586816,9.196344
-0.0768,36.7398,325.9,1.7,1.3,2004-07-12,1125,Aqua,MODIS,69,6.2,287.7,37.3,D,0,2004,7,22.99462,8.356475,48.32817
-0.0737,36.7628,328.7,1.7,1.3,2004-07-12,1125,Aqua,MODIS,82,6.2,291.2,42.2,D,0,2004,7,23.014175,8.801253,43.418964
-0.0758,36.7479,352.7,1.7,1.3,2004-07-12,1125,Aqua,MODIS,91,6.2,291.9,130.6,D,0,2004,7,22.99462,8.356475,48.32817
-1.3598,35.5297,329.9,1.3,1.1,2004-07-12,1125,Aqua,MODIS,79,6.2,305.9,21.4,D,0,2004,7,24.058472,10.586816,9.196344
4.6344,34.5127,318.6,4.3,1.9,2004-07-13,734,Terra,MODIS,59,6.2,294.7,41.6,D,0,2004,7,33.46492,20.013117,60.80169
4.6416,34.4823,323.5,4.3,1.9,2004-07-13,734,Terra,MODIS,71,6.2,293.9,82.2,D,0,2004,7,,19.991581,61.61333
4.6244,34.4801,319.6,4.3,1.9,2004-07-13,734,Terra,MODIS,40,6.2,294.6,49.5,D,0,2004,7,33.24764,20.04088,59.728386
4.6396,34.4744,324.5,4.3,1.9,2004-07-13,734,Terra,MODIS,72,6.2,293.8,95.7,D,0,2004,7,,19.991581,61.61333
-2.7991,38.1111,322.7,1.7,1.3,2004-07-13,736,Terra,MODIS,57,6.2,295.1,22.9,D,0,2004,7,25.656824,14.77481,0.9504312
-2.7947,38.0813,324.9,1.7,1.3,2004-07-13,736,Terra,MODIS,67,6.2,290.6,34.7,D,0,2004,7,25.176228,14.897969,0.45834163
-2.7969,38.0963,321.6,1.7,1.3,2004-07-13,736,Terra,MODIS,67,6.2,292.1,24.1,D,0,2004,7,25.656824,14.77481,0.9504312
-0.5838,34.2252,314.3,1.1,1.0,2004-07-14,818,Terra,MODIS,60,6.2,290.3,6.5,D,0,2004,7,26.474047,14.608534,18.93074
-1.2906,37.1952,315.4,1.7,1.3,2004-07-14,818,Terra,MODIS,58,6.2,298.2,11.7,D,0,2004,7,24.564335,12.176323,2.0024152
-0.6759,34.226,355.9,1.1,1.0,2004-07-14,818,Terra,MODIS,92,6.2,295.5,78.1,D,0,2004,7,27.99086,15.471482,14.71633
-0.6773,34.2356,322.4,1.1,1.0,2004-07-14,818,Terra,MODIS,76,6.2,290.3,16.1,D,0,2004,7,27.99086,15.471482,14.71633
-3.5887,38.4356,323.1,1.2,1.1,2004-07-14,1112,Aqua,MODIS,51,6.2,303.5,17.5,D,0,2004,7,25.768671,14.809969,3.068677
-1.3574,37.1854,326.4,1.1,1.0,2004-07-14,1112,Aqua,MODIS,69,6.2,309.6,10.5,D,0,2004,7,24.123001,11.977947,1.6506802
-2.6166,37.8172,327.0,1.1,1.1,2004-07-14,1112,Aqua,MODIS,61,6.2,301.3,18.1,D,0,2004,7,22.494999,11.981635,1.3256392
-1.3588,37.1756,328.7,1.1,1.0,2004-07-14,1112,Aqua,MODIS,73,6.2,310.6,13.6,D,0,2004,7,24.123001,11.977947,1.6506802
-0.6753,34.237,339.8,1.0,1.0,2004-07-14,1113,Aqua,MODIS,67,6.2,301.4,34.6,D,0,2004,7,27.99086,15.471482,14.71633
-0.5818,34.1151,323.0,1.0,1.0,2004-07-14,1113,Aqua,MODIS,64,6.2,302.1,10.3,D,0,2004,7,27.125473,16.851913,13.930368
-0.4927,34.2268,327.9,1.0,1.0,2004-07-14,1113,Aqua,MODIS,68,6.2,310.0,10.0,D,0,2004,7,27.576824,15.516109,21.047691
0.3028,38.1521,352.2,1.3,1.1,2004-07-14,1113,Aqua,MODIS,95,6.2,311.8,73.4,D,0,2004,7,28.363834,16.13855,1.9764785
-1.3444,35.5434,335.1,1.0,1.0,2004-07-14,1113,Aqua,MODIS,82,6.2,313.2,19.9,D,0,2004,7,23.874498,10.331309,8.651818
0.1118,36.6499,328.4,1.1,1.0,2004-07-14,1113,Aqua,MODIS,49,6.2,306.4,18.0,D,0,2004,7,23.844406,9.329258,64.77479
0.3556,38.09,322.8,1.3,1.1,2004-07-14,1113,Aqua,MODIS,45,6.2,307.0,9.9,D,0,2004,7,27.463575,15.703502,1.9702061
0.3656,38.0884,329.8,1.3,1.1,2004-07-14,1113,Aqua,MODIS,72,6.2,307.4,20.7,D,0,2004,7,27.463575,15.703502,1.9702061
-1.3456,35.5345,325.4,1.0,1.0,2004-07-14,1113,Aqua,MODIS,62,6.2,312.7,7.4,D,0,2004,7,24.058472,10.586816,9.196344
0.3757,38.0868,330.6,1.3,1.1,2004-07-14,1113,Aqua,MODIS,74,6.2,306.6,22.1,D,0,2004,7,27.278482,15.528303,2.9600134
0.4222,38.062,340.0,1.3,1.1,2004-07-14,1113,Aqua,MODIS,85,6.2,306.5,43.3,D,0,2004,7,26.575333,14.738229,3.939516
0.4239,38.0736,335.5,1.3,1.1,2004-07-14,1113,Aqua,MODIS,80,6.2,306.7,32.5,D,0,2004,7,26.575333,14.738229,3.939516
-0.9873,37.0673,332.2,1.1,1.0,2004-07-14,1113,Aqua,MODIS,80,6.2,302.0,24.3,D,0,2004,7,23.839306,12.239653,8.3787565
0.1197,36.639,365.3,1.1,1.0,2004-07-14,1113,Aqua,MODIS,100,6.2,307.4,102.0,D,0,2004,7,23.844406,9.329258,64.77479
-1.366,35.5193,334.3,1.0,1.0,2004-07-14,1113,Aqua,MODIS,81,6.2,313.3,19.1,D,0,2004,7,24.058472,10.586816,9.196344
0.3761,38.0983,325.9,3.3,1.7,2004-07-15,723,Terra,MODIS,79,6.2,297.4,105.8,D,0,2004,7,27.278482,15.528303,2.9600134
0.3721,38.1033,334.6,3.3,1.7,2004-07-15,723,Terra,MODIS,86,6.2,297.8,168.9,D,0,2004,7,27.463575,15.703502,1.9702061
1.2261,38.8379,302.1,1.1,1.1,2004-07-15,1944,Terra,MODIS,47,6.2,291.8,3.5,N,0,2004,7,31.013212,20.529005,
1.218,38.8493,310.7,1.1,1.1,2004-07-15,1944,Terra,MODIS,81,6.2,291.8,9.6,N,0,2004,7,31.013212,20.529005,
1.2166,38.8393,302.1,1.1,1.1,2004-07-15,1944,Terra,MODIS,16,6.2,291.4,3.2,N,0,2004,7,31.013212,20.529005,
1.2275,38.8479,307.5,1.1,1.1,2004-07-15,1944,Terra,MODIS,71,6.2,291.7,7.3,N,0,2004,7,31.013212,20.529005,
-0.0724,35.1699,311.5,1.0,1.0,2004-07-16,806,Terra,MODIS,59,6.2,298.2,5.1,D,0,2004,7,27.846449,14.952791,87.75926
-0.1503,35.1981,319.9,1.0,1.0,2004-07-16,806,Terra,MODIS,74,6.2,300.6,9.7,D,0,2004,7,28.546877,15.221736,73.30506
-2.5751,37.8489,324.7,1.0,1.0,2004-07-16,1100,Aqua,MODIS,46,6.2,301.7,12.8,D,0,2004,7,22.621109,12.070441,2.3812497
-3.5854,38.4428,323.9,1.0,1.0,2004-07-16,1100,Aqua,MODIS,60,6.2,307.9,9.5,D,0,2004,7,25.768671,14.809969,3.068677
-3.4601,37.713,333.9,1.0,1.0,2004-07-16,1100,Aqua,MODIS,79,6.2,301.4,26.0,D,0,2004,7,26.66796,15.701245,2.5323958
-1.9095,38.3859,327.6,1.0,1.0,2004-07-16,1100,Aqua,MODIS,60,6.2,309.9,12.6,D,0,2004,7,27.508545,16.92176,1.2205646
-2.4774,37.8927,347.2,1.0,1.0,2004-07-16,1100,Aqua,MODIS,91,6.2,306.0,48.5,D,0,2004,7,24.789406,14.419883,1.0544392
-2.1017,40.1244,317.5,1.1,1.0,2004-07-16,1100,Aqua,MODIS,37,6.2,298.6,7.6,D,0,2004,7,29.699696,21.452679,35.09141
-3.4614,37.7038,322.6,1.0,1.0,2004-07-16,1100,Aqua,MODIS,37,6.2,304.4,11.3,D,0,2004,7,26.48293,15.733014,3.1311455
1.004,40.1447,331.2,1.1,1.1,2004-07-16,1101,Aqua,MODIS,73,6.2,305.4,16.8,D,0,2004,7,31.629585,21.821215,3.8942885
-0.0893,38.4975,325.9,1.0,1.0,2004-07-16,1101,Aqua,MODIS,50,6.2,304.5,8.9,D,0,2004,7,29.866451,18.679483,
0.4104,37.8747,326.4,1.0,1.0,2004-07-16,1101,Aqua,MODIS,61,6.2,310.2,8.9,D,0,2004,7,27.759926,14.721108,4.8191085
-0.0932,38.2798,325.3,1.0,1.0,2004-07-16,1101,Aqua,MODIS,56,6.2,308.0,6.9,D,0,2004,7,29.534578,17.793783,
0.1705,38.3238,328.5,1.0,1.0,2004-07-16,1101,Aqua,MODIS,71,6.2,312.2,8.9,D,0,2004,7,28.951353,17.433699,
-0.1576,35.1648,323.3,1.3,1.1,2004-07-16,1101,Aqua,MODIS,61,6.2,303.8,16.5,D,0,2004,7,28.818354,15.423486,67.801834
0.1615,38.3251,336.9,1.0,1.0,2004-07-16,1101,Aqua,MODIS,83,6.2,312.7,20.5,D,0,2004,7,28.681868,17.54233,
0.1628,38.334,327.8,1.0,1.0,2004-07-16,1101,Aqua,MODIS,68,6.2,311.3,8.1,D,0,2004,7,28.609743,17.776587,
1.008,40.1375,335.4,1.1,1.1,2004-07-16,1101,Aqua,MODIS,80,6.2,308.0,23.8,D,0,2004,7,31.629585,21.821215,3.8942885
1.0025,40.1345,337.5,1.1,1.1,2004-07-16,1101,Aqua,MODIS,82,6.2,307.6,28.2,D,0,2004,7,31.629585,21.821215,3.8942885
1.222,38.8493,327.8,1.0,1.0,2004-07-16,1101,Aqua,MODIS,49,6.2,309.6,12.7,D,0,2004,7,31.013212,20.529005,
-1.4605,37.0005,309.9,1.6,1.3,2004-07-16,2322,Aqua,MODIS,79,6.2,281.8,24.8,N,0,2004,7,24.382706,11.797931,2.0142946
-1.4482,36.9944,304.4,1.6,1.2,2004-07-16,2322,Aqua,MODIS,24,6.2,282.5,16.4,N,0,2004,7,24.740446,12.0550375,2.3606353
-1.4504,37.0088,319.9,1.6,1.3,2004-07-16,2322,Aqua,MODIS,99,6.2,282.7,40.6,N,0,2004,7,24.531889,11.997545,1.9986138
-1.4494,37.0022,319.0,1.6,1.3,2004-07-16,2322,Aqua,MODIS,98,6.2,283.1,38.7,N,0,2004,7,24.531889,11.997545,1.9986138
-0.08,36.8616,311.7,4.0,1.9,2004-07-17,1143,Aqua,MODIS,50,6.2,295.6,33.7,D,0,2004,7,23.485537,9.506934,36.824913
-0.1187,37.4169,317.3,1.1,1.0,2004-07-18,753,Terra,MODIS,56,6.2,297.6,10.2,D,0,2004,7,14.152466,2.1654027,49.541924
0.4548,37.9431,328.2,1.3,1.1,2004-07-18,1048,Aqua,MODIS,74,6.2,309.6,16.2,D,0,2004,7,27.093168,14.349604,5.84879
0.4548,37.9369,340.0,1.3,1.1,2004-07-18,1048,Aqua,MODIS,88,6.2,309.1,40.1,D,0,2004,7,27.093168,14.349604,5.84879
0.4531,37.9316,329.5,1.3,1.1,2004-07-18,1048,Aqua,MODIS,76,6.2,308.7,18.0,D,0,2004,7,27.093168,14.349604,5.84879
-0.0202,36.7195,315.2,3.4,1.7,2004-07-19,836,Terra,MODIS,31,6.2,297.4,33.0,D,0,2004,7,23.224985,8.5391865,50.828648
-0.0245,36.7495,317.2,3.4,1.7,2004-07-19,836,Terra,MODIS,59,6.2,297.0,47.2,D,0,2004,7,23.224985,8.5391865,50.828648
-0.0287,36.7554,313.9,3.4,1.7,2004-07-19,836,Terra,MODIS,64,6.2,297.1,35.5,D,0,2004,7,23.13217,8.775965,47.46748
-0.0243,36.7255,319.2,3.4,1.7,2004-07-19,836,Terra,MODIS,77,6.2,297.5,58.1,D,0,2004,7,23.224985,8.5391865,50.828648
-1.898,35.7459,320.8,1.1,1.0,2004-07-21,1118,Aqua,MODIS,50,6.2,300.7,12.1,D,0,2004,7,22.754044,10.373639,5.296713
-1.8965,35.7557,321.0,1.1,1.0,2004-07-21,1118,Aqua,MODIS,46,6.2,301.0,12.7,D,0,2004,7,23.454788,11.230804,5.0264826
-2.4063,38.0072,325.1,2.3,1.5,2004-07-22,729,Terra,MODIS,77,6.2,299.0,51.6,D,0,2004,7,26.814148,15.264867,0.58133054
-2.654,37.8422,323.5,1.5,1.2,2004-07-23,812,Terra,MODIS,50,6.2,302.7,24.4,D,0,2004,7,21.294518,10.9585285,1.733324
-2.5288,37.8397,318.1,1.5,1.2,2004-07-23,812,Terra,MODIS,24,6.2,299.6,16.3,D,0,2004,7,23.468407,13.264397,2.4885468
-2.526,37.8472,321.3,1.5,1.2,2004-07-23,812,Terra,MODIS,47,6.2,299.7,21.7,D,0,2004,7,23.468407,13.264397,2.4885468
-0.5778,37.5335,324.0,1.3,1.1,2004-07-23,812,Terra,MODIS,75,6.2,301.0,21.3,D,0,2004,7,25.166906,13.481635,6.2085695
-2.4044,38.0235,329.1,1.5,1.2,2004-07-23,812,Terra,MODIS,78,6.2,304.0,33.6,D,0,2004,7,26.814148,15.264867,0.58133054
-2.4025,38.0098,347.1,1.5,1.2,2004-07-23,812,Terra,MODIS,93,6.2,305.4,85.8,D,0,2004,7,26.814148,15.264867,0.58133054
-2.5545,37.8301,325.8,1.0,1.0,2004-07-23,1106,Aqua,MODIS,26,6.2,304.5,13.2,D,0,2004,7,21.486666,11.288032,1.8598369
-2.494,37.8615,330.3,1.0,1.0,2004-07-23,1106,Aqua,MODIS,71,6.2,303.5,20.0,D,0,2004,7,24.115704,13.986353,1.5575066
-2.5492,37.8667,338.5,1.0,1.0,2004-07-23,1106,Aqua,MODIS,83,6.2,305.4,31.2,D,0,2004,7,22.621109,12.070441,2.3812497
-2.5518,37.8484,340.3,1.0,1.0,2004-07-23,1106,Aqua,MODIS,85,6.2,305.8,33.7,D,0,2004,7,22.621109,12.070441,2.3812497
-2.5622,37.8405,336.4,1.0,1.0,2004-07-23,1106,Aqua,MODIS,76,6.2,311.1,27.2,D,0,2004,7,22.621109,12.070441,2.3812497
-2.5531,37.8393,333.9,1.0,1.0,2004-07-23,1106,Aqua,MODIS,71,6.2,307.1,23.7,D,0,2004,7,22.621109,12.070441,2.3812497
-2.5505,37.8575,335.6,1.0,1.0,2004-07-23,1106,Aqua,MODIS,75,6.2,304.8,26.2,D,0,2004,7,22.621109,12.070441,2.3812497
-1.7608,38.1607,331.7,1.0,1.0,2004-07-23,1106,Aqua,MODIS,76,6.2,310.3,14.7,D,0,2004,7,27.047157,15.82153,0.6607159
-2.5608,37.8496,334.7,1.0,1.0,2004-07-23,1106,Aqua,MODIS,69,6.2,308.2,24.3,D,0,2004,7,22.621109,12.070441,2.3812497
-2.5866,37.8624,324.3,1.0,1.0,2004-07-23,1106,Aqua,MODIS,23,6.2,306.2,9.3,D,0,2004,7,21.221815,10.680485,1.8191619
-2.6481,37.9421,324.3,1.0,1.0,2004-07-23,1106,Aqua,MODIS,33,6.2,307.3,9.6,D,0,2004,7,24.216888,13.357107,0.9247849
0.8104,38.1188,330.3,1.1,1.0,2004-07-23,1107,Aqua,MODIS,64,6.2,313.6,10.0,D,0,2004,7,29.814335,17.699417,
0.8118,38.1285,336.0,1.1,1.0,2004-07-23,1107,Aqua,MODIS,77,6.2,313.9,19.0,D,0,2004,7,29.802168,17.820417,
-2.1096,36.0404,303.1,1.8,1.3,2004-07-23,2329,Aqua,MODIS,47,6.2,289.7,10.9,N,0,2004,7,29.386503,17.487127,0.37021297
-2.105,36.0081,305.1,1.8,1.3,2004-07-23,2329,Aqua,MODIS,55,6.2,289.6,14.7,N,0,2004,7,29.386503,17.487127,0.37021297
-2.1073,36.0242,362.1,1.8,1.3,2004-07-23,2329,Aqua,MODIS,100,6.2,292.8,221.1,N,0,2004,7,29.386503,17.487127,0.37021297
-2.6673,37.8976,327.0,1.2,1.1,2004-07-25,1054,Aqua,MODIS,39,6.2,301.1,20.2,D,0,2004,7,20.318777,10.476301,2.1401114
-2.6659,37.9075,326.6,1.2,1.1,2004-07-25,1054,Aqua,MODIS,40,6.2,303.3,18.0,D,0,2004,7,21.705704,11.409818,1.3435853
-2.7036,37.8482,325.9,1.2,1.1,2004-07-25,1054,Aqua,MODIS,57,6.2,306.0,14.4,D,0,2004,7,22.867222,12.576572,2.471229
-0.1769,38.0095,321.9,1.1,1.0,2004-07-25,1054,Aqua,MODIS,40,6.2,293.1,8.7,D,0,2004,7,28.432064,16.315378,
-1.5549,39.5702,321.2,1.0,1.0,2004-07-25,1054,Aqua,MODIS,61,6.2,299.4,11.8,D,0,2004,7,29.903887,20.279947,29.49668
-2.6222,37.9409,321.6,1.1,1.1,2004-07-25,1054,Aqua,MODIS,46,6.2,300.3,11.0,D,0,2004,7,24.987444,13.814184,0.9612238
-2.1089,36.0512,301.5,1.1,1.1,2004-07-25,2316,Aqua,MODIS,42,6.2,290.6,5.0,N,0,2004,7,29.159094,17.425516,0.37907627
0.1339,38.0227,320.5,3.7,1.8,2004-07-26,1137,Aqua,MODIS,69,6.2,297.9,70.2,D,0,2004,7,26.766766,15.489249,2.8183775
-0.8585,36.2801,311.5,1.5,1.2,2004-07-27,747,Terra,MODIS,38,6.2,299.3,8.0,D,0,2004,7,21.51257,8.677736,15.525415
-2.2951,38.2391,325.7,1.1,1.0,2004-07-27,748,Terra,MODIS,71,6.2,305.0,16.8,D,0,2004,7,26.44689,16.320114,1.2382855
-2.5318,37.86,322.7,1.9,1.3,2004-07-27,1041,Aqua,MODIS,47,6.2,301.5,28.9,D,0,2004,7,23.468407,13.264397,2.4885468
0.439,38.0407,322.4,1.6,1.3,2004-07-27,1042,Aqua,MODIS,39,6.2,306.9,11.7,D,0,2004,7,25.369278,13.531354,9.815188
-1.4079,38.443,327.1,1.6,1.3,2004-07-27,1042,Aqua,MODIS,70,6.2,309.8,20.5,D,0,2004,7,28.23955,17.51802,0.61555225
0.5214,38.0572,331.8,1.6,1.3,2004-07-27,1042,Aqua,MODIS,76,6.2,307.8,32.3,D,0,2004,7,27.16989,14.988479,2.966734
0.5233,38.0709,328.1,1.6,1.2,2004-07-27,1042,Aqua,MODIS,69,6.2,307.8,23.7,D,0,2004,7,27.16989,14.988479,2.966734
0.441,38.0544,324.5,1.6,1.3,2004-07-27,1042,Aqua,MODIS,53,6.2,308.4,15.2,D,0,2004,7,26.575333,14.738229,3.939516
-0.7101,37.8695,328.7,1.7,1.3,2004-07-27,1042,Aqua,MODIS,66,6.2,313.5,28.0,D,0,2004,7,26.719751,15.253666,0.5805337
0.439,38.0473,328.5,1.6,1.3,2004-07-27,1042,Aqua,MODIS,72,6.2,307.2,25.8,D,0,2004,7,26.575333,14.738229,3.939516
0.1735,38.0353,327.3,1.6,1.3,2004-07-27,1042,Aqua,MODIS,71,6.2,309.1,27.2,D,0,2004,7,26.323605,15.283483,3.8073902
0.1756,38.0494,322.2,1.6,1.3,2004-07-27,1042,Aqua,MODIS,48,6.2,307.4,15.5,D,0,2004,7,26.954979,15.787365,2.873202
0.1748,38.04,328.6,1.6,1.3,2004-07-27,1042,Aqua,MODIS,62,6.2,308.6,29.0,D,0,2004,7,26.323605,15.283483,3.8073902
0.1635,38.0414,323.2,1.6,1.3,2004-07-27,1042,Aqua,MODIS,25,6.2,307.9,15.8,D,0,2004,7,26.766766,15.489249,2.8183775
-1.3631,36.9543,323.1,2.8,1.6,2004-07-28,830,Terra,MODIS,72,6.2,302.3,46.7,D,0,2004,7,24.577888,12.002184,4.2222457
-0.2888,37.002,329.2,2.7,1.6,2004-07-28,830,Terra,MODIS,83,6.2,300.5,85.1,D,0,2004,7,22.555738,9.307536,23.920223
-1.3564,36.9366,320.4,2.8,1.6,2004-07-28,830,Terra,MODIS,61,6.2,302.6,31.7,D,0,2004,7,24.577888,12.002184,4.2222457
-1.3601,36.9613,320.1,2.8,1.6,2004-07-28,830,Terra,MODIS,63,6.2,302.5,29.1,D,0,2004,7,24.630074,11.933478,3.497809
-2.4369,37.7488,320.0,1.8,1.3,2004-07-28,1124,Aqua,MODIS,27,6.2,302.7,20.3,D,0,2004,7,24.270815,13.392014,1.5553948
-2.2748,38.2214,326.1,2.0,1.4,2004-07-28,1124,Aqua,MODIS,51,6.2,297.1,40.6,D,0,2004,7,26.494852,16.09411,1.2520444
-0.287,36.9897,324.8,1.7,1.3,2004-07-28,1125,Aqua,MODIS,58,6.2,306.7,20.3,D,0,2004,7,22.635958,9.488381,24.677624
-0.2869,36.9985,327.3,1.7,1.3,2004-07-28,1125,Aqua,MODIS,38,6.2,308.6,24.8,D,0,2004,7,22.635958,9.488381,24.677624
-0.2754,36.9966,325.5,1.7,1.3,2004-07-28,1125,Aqua,MODIS,36,6.2,307.1,20.2,D,0,2004,7,22.635958,9.488381,24.677624
-0.2847,37.0051,324.6,1.7,1.3,2004-07-28,1125,Aqua,MODIS,55,6.2,307.8,19.4,D,0,2004,7,22.555738,9.307536,23.920223
-3.6555,37.7869,318.2,1.0,1.0,2004-07-29,1955,Terra,MODIS,96,6.2,291.9,17.2,N,0,2004,7,,,
-3.6568,37.7776,329.9,1.0,1.0,2004-07-29,1955,Terra,MODIS,100,6.2,293.0,30.6,N,0,2004,7,,,
-1.2292,36.9962,319.3,1.1,1.0,2004-07-29,1956,Terra,MODIS,98,6.2,286.5,20.1,N,0,2004,7,24.769417,12.346912,3.4988923
-1.2305,36.9869,303.4,1.1,1.0,2004-07-29,1956,Terra,MODIS,55,6.2,287.0,7.3,N,0,2004,7,24.769417,12.346912,3.4988923
-2.6989,37.9766,321.4,2.0,1.4,2004-07-30,818,Terra,MODIS,57,6.2,296.8,33.4,D,0,2004,7,24.777887,13.92776,0.92064744
-2.6916,37.99,315.6,2.0,1.4,2004-07-30,818,Terra,MODIS,27,6.2,294.5,18.2,D,0,2004,7,24.777887,13.92776,0.92064744
0.3428,34.2196,314.4,1.1,1.0,2004-07-30,818,Terra,MODIS,65,6.2,299.1,6.7,D,0,2004,7,27.930439,16.256828,78.96188
-3.6559,37.7755,318.1,2.0,1.4,2004-07-30,819,Terra,MODIS,38,6.2,301.5,13.2,D,0,2004,7,,,
-3.6531,37.7815,318.5,2.0,1.4,2004-07-30,819,Terra,MODIS,41,6.2,300.8,13.4,D,0,2004,7,,,
-3.6583,37.7933,319.7,2.0,1.4,2004-07-30,819,Terra,MODIS,60,6.2,302.8,16.2,D,0,2004,7,27.477299,15.452767,1.9110353
-2.5779,37.8123,327.0,1.1,1.1,2004-07-30,1112,Aqua,MODIS,51,6.2,302.7,17.0,D,0,2004,7,21.486666,11.288032,1.8598369
-3.6576,37.7826,346.0,1.1,1.0,2004-07-30,1112,Aqua,MODIS,91,6.2,316.1,39.0,D,0,2004,7,,,
-3.2258,39.6057,333.4,1.4,1.2,2004-07-30,1112,Aqua,MODIS,82,6.2,298.0,40.7,D,0,2004,7,28.111942,19.23569,17.897701
-0.0265,34.1787,322.7,1.0,1.0,2004-07-30,1113,Aqua,MODIS,72,6.2,305.0,8.0,D,0,2004,7,28.451023,16.426064,27.11117
0.0977,34.0183,328.3,1.0,1.0,2004-07-30,1113,Aqua,MODIS,61,6.2,307.3,13.0,D,0,2004,7,28.33282,16.798353,20.980812
0.3516,34.3761,317.6,1.0,1.0,2004-07-30,1113,Aqua,MODIS,67,6.2,298.4,6.2,D,0,2004,7,27.680223,15.758478,98.57627
0.3503,34.3671,327.6,1.0,1.0,2004-07-30,1113,Aqua,MODIS,80,6.2,303.0,16.7,D,0,2004,7,27.75293,15.898937,95.63309
0.036,34.0329,339.0,1.0,1.0,2004-07-30,1113,Aqua,MODIS,88,6.2,298.3,38.5,D,0,2004,7,27.52253,16.943605,17.856236
0.099,34.0275,327.2,1.0,1.0,2004-07-30,1113,Aqua,MODIS,54,6.2,306.0,11.7,D,0,2004,7,28.33282,16.798353,20.980812
